,DataOriginal,DataLog,Linear,DataLinear,MonthlyAverage,DataSeasons,DataNormalised,ModelledNormalised,ResidualsNormalised,ModelledSeasons,ResidualsSeasons,ModelledLinear,ResidualsLinear,ModelledLog,ResidualsLog,ModelledOriginal,ResidualsOriginal,Purpose
2010-04-01,1352.265,7.210275650024414,6.722415965834474,0.48785968418993964,0.029369663806115387,0.45849002038382425,1.2335116321827637,1.2335116321827637,0.0,0.4584900203838242,5.551115123125783e-17,0.4878596841899396,5.551115123125783e-17,7.210275650024414,0.0,1397.472174089728,-45.207159441290514,Train
2010-05-01,1183.2319,7.076849937438965,6.722862555236191,0.3539873822027735,0.034471432367960464,0.319515949834813,0.8596187992471979,0.8596187992471979,0.0,0.319515949834813,0.0,0.3539873822027735,0.0,7.076849937438965,0.0,1222.7924759316043,-39.56054233785426,Train
2010-06-01,777.5524,6.657436370849609,6.723309144637908,-0.06587277378829892,0.04580073395236813,-0.11167350774066706,-0.30044398935760264,-0.30044398935760264,0.0,-0.11167350774066706,0.0,-0.06587277378829892,0.0,6.657436370849609,0.0,803.5606373442535,-26.0082081450347,Train
2010-07-01,709.93915,6.566586971282959,6.723755734039625,-0.15716876275666625,-5.354024247530085e-05,-0.15711522251419094,-0.4226993957294763,-0.4226993957294763,0.0,-0.15711522251419094,0.0,-0.15716876275666625,0.0,6.566586971282959,0.0,733.688747500323,-23.74959955110421,Train
2010-08-01,1115.6187,7.018060207366943,6.724202323441342,0.2938578839256012,0.14389487497505937,0.14996300895054182,0.40345723508390563,0.40345723508390563,0.0,0.14996300895054182,0.0,0.2938578839256012,0.0,7.018060207366943,0.0,1152.920060284618,-37.3014079408681,Train
2010-09-01,777.5524,6.657436370849609,6.724648912843059,-0.06721254199344973,0.10124182479397889,-0.16845436678742862,-0.4532059841789437,-0.4532059841789437,0.0,-0.16845436678742862,0.0,-0.06721254199344973,0.0,6.657436370849609,0.0,803.5606373442535,-26.0082081450347,Train
2010-10-01,1217.0386,7.104997158050537,6.725095502244776,0.3799016558057611,0.1428531830712614,0.23704847273449967,0.6377500829012158,-1.3098618329458025,1.9476119158470184,-0.48686900294940416,0.7239174756839039,-0.3440158198781428,0.7239174756839039,6.381079682366633,0.723917475683904,609.2932917824998,607.7452824362502,Train
2010-11-01,845.16565,6.740715026855469,6.725542091646493,0.01517293520897578,-0.048606265674937935,0.06377920088391371,0.17159018230269946,1.728695744852322,-1.5571055625496224,0.6425474447227076,-0.5787682438387939,0.5939411790477697,-0.5787682438387939,7.3194832706942625,-0.5787682438387938,1558.8473394771686,-713.6816900631061,Train
2010-12-01,642.32587,6.466651439666748,6.72598868104821,-0.25933724138146186,-0.028315467159396427,-0.23102177422206543,-0.6215359836008149,-0.29455954053001077,-0.3269764430708041,-0.10948628794271835,-0.12153548627934709,-0.1378017551021148,-0.12153548627934707,6.588186925946095,-0.12153548627934718,749.730619289013,-107.40475258979427,Train
2011-01-01,709.93915,6.566586971282959,6.726435270449927,-0.15984829916696786,-0.21519251081526383,0.05534421164829598,0.14889686973995134,-1.4146638727642011,1.5635607425041524,-0.5258233898550029,0.5811676015032988,-0.7410159006702667,0.5811676015032988,5.9854193697796605,0.5811676015032985,409.8710158657451,300.06813208347364,Train
2011-02-01,912.77893,6.817588806152344,6.726881859851644,0.09070694630069998,-0.12697634581135223,0.2176832921120522,0.5856504198875867,0.9193235337476522,-0.3336731138600655,0.34170789697493387,-0.12402460486288167,0.21473155116358164,-0.12402460486288167,6.941613411015226,-0.12402460486288192,1067.994083573292,-155.21515290922957,Train
2011-03-01,743.7458,6.613042831420898,6.727328449253362,-0.11428561783246316,-0.08846265176025504,-0.025822966072208117,-0.06947354928437464,1.0224080646298708,-1.0918816139142453,0.38002389451588175,-0.4058468605880899,0.2915612427556267,-0.4058468605880899,7.0188896920089885,-0.40584686058809005,1153.877616336888,-410.1318277626692,Train
2011-04-01,676.1325,6.517867088317871,6.7277750386550785,-0.20990795033720744,0.029369663806115387,-0.23927761414332283,-0.643747316723801,-0.5526727083432568,-0.09107460838054426,-0.20542564391183527,-0.03385197023148756,-0.17605598010571988,-0.03385197023148756,6.5517190585493585,-0.03385197023148745,722.8462616143667,-46.713754290147904,Train
2011-05-01,946.5855,6.853917121887207,6.7282216280567955,0.12569549383041156,0.034471432367960464,0.0912240614624511,0.24542724147995176,-1.9054019538924498,2.1508291953724017,-0.7082282468091792,0.7994523082716303,-0.6737568144412187,0.7994523082716303,6.054464813615577,0.79945230827163,439.2420895228293,507.34342073107695,Train
2011-06-01,878.9723,6.779890537261963,6.728668217458512,0.05122231980345049,0.04580073395236813,0.005421585851082357,0.01458611728689119,0.34841372158814865,-0.33382760430125746,0.12950361402776442,-0.12408202817668207,0.17530434798013256,-0.12408202817668207,6.903972565438645,-0.1240820281766819,1028.5041225607845,-149.53183252172198,Train
2011-07-01,1014.1988,6.922839641571045,6.729114806860229,0.19372483471081559,-5.354024247530085e-05,0.1937783749532909,0.5213371479061979,1.0352902388244791,-0.5139530909182812,0.3848121333577177,-0.1910337584044268,0.3847585931152424,-0.19103375840442682,7.113873399975471,-0.19103375840442638,1268.9507071437563,-254.75191563985004,Train
2011-08-01,743.7458,6.613042831420898,6.729561396261946,-0.11651856484104783,0.14389487497505937,-0.2604134398161072,-0.700610684875939,2.3810803066860284,-3.0816909915619677,0.8850354790867893,-1.1454489189028965,1.0289303540618486,-1.1454489189028965,7.758491750323795,-1.145448918902897,2418.585965253288,-1674.8401766790694,Train
2011-09-01,1419.8783,7.259030342102051,6.730007985663663,0.5290223564383876,0.10124182479397889,0.42778053164440866,1.150891488026206,-0.4580151376846233,1.6089066257108293,-0.17024190476544201,0.5980224364098506,-0.06900007997146312,0.5980224364098508,6.6610079056922,0.5980224364098508,806.4392912398744,613.4390046585631,Train
2011-10-01,1555.1049,7.349941253662109,6.73045457506538,0.6194866785967292,0.1428531830712614,0.47663349552546785,1.2823244452003746,2.3472423661632975,-1.064917920962923,0.8724580881362393,-0.3958245926107714,1.0153112712075008,-0.3958245926107715,7.745765846272881,-0.3958245926107713,2387.9896422701104,-832.8847838716729,Train
2011-11-01,845.16565,6.740715026855469,6.730901164467097,0.009813862388371675,-0.048606265674937935,0.05842012806330961,0.15717224872064306,1.8237197036543893,-1.6665474549337462,0.6778673684846073,-0.6194472404212976,0.6292611028096693,-0.6194472404212976,7.360162267276767,-0.6194472404212981,1623.6086463248505,-778.442996910788,Train
2011-12-01,845.16565,6.740715026855469,6.731347753868814,0.00936727298665474,-0.028315467159396427,0.037682740146051164,0.10138082888644365,0.14748226462905967,-0.04610143574261602,0.054818410099931096,-0.017135669953879933,0.02650294294053467,-0.01713566995387993,6.757850696809348,-0.017135669953879606,888.5455036740024,-43.37985425993986,Train
2012-01-01,507.0994,6.230677127838135,6.731794343270531,-0.5011172154323962,-0.21519251081526383,-0.2859247046171324,-0.7692456398034541,1.238484212582942,-2.007729852386396,0.4603383033100287,-0.746263007927161,0.24514579249476484,-0.746263007927161,6.976940135765296,-0.746263007927161,1106.4331082419164,-599.3337124899633,Train
2012-02-01,811.359,6.699942588806152,6.732240932672248,-0.032298343866095536,-0.12697634581135223,0.09467800194525669,0.2547196482347182,1.0545390452398635,-0.7998193970051453,0.3919668171203158,-0.2972888151750591,0.2649904713089636,-0.2972888151750591,6.997231403981211,-0.297288815175059,1129.1338651590215,-317.774856369959,Train
2012-03-01,1183.2319,7.076849937438965,6.732687522073965,0.34416241536500003,-0.08846265176025504,0.43262506712525506,1.1639251214805253,0.2054059874762415,0.9585191340042838,0.07634836423738546,0.3562767028878696,-0.012114287522869582,0.3562767028878696,6.720573234551095,0.35627670288786994,855.9959561732772,327.23597742047275,Train
2012-04-01,777.5524,6.657436370849609,6.733134111475682,-0.07569774062607237,0.029369663806115387,-0.10506740443218776,-0.28267107192836705,1.0056405865162983,-1.2883116584446652,0.3737915079039506,-0.47885891233613836,0.403161171710066,-0.47885891233613836,7.136295283185747,-0.478858912336138,1297.7470209613023,-520.1945917620835,Train
2012-05-01,676.1325,6.517867088317871,6.733580700877399,-0.2157136125595276,0.034471432367960464,-0.25018504492748805,-0.6730924325416607,0.5737504630081713,-1.246842895549832,0.21326013846691383,-0.4634451833944019,0.2477315708348743,-0.4634451833944019,6.981312271712273,-0.463445183394402,1111.2855563950598,-435.153049070841,Train
2012-06-01,946.5855,6.853917121887207,6.734027290279116,0.11988983160809141,0.04580073395236813,0.07408909765572327,0.19932770554035747,-0.6858793662187936,0.8852070717591511,-0.25493788335180106,0.32902698100752437,-0.20913714939943293,0.32902698100752437,6.524890140879683,0.3290269810075239,703.6844446224652,242.90106563144104,Train
2012-07-01,709.93915,6.566586971282959,6.7344738796808326,-0.16788690839787357,-5.354024247530085e-05,-0.16783336815539826,-0.4515352628935867,0.21042619010237462,-0.6619614529959613,0.07821434810355599,-0.24604771625895425,0.07816080786108069,-0.24604771625895427,6.812634687541913,-0.24604771625895427,938.6379608026515,-228.69881285343274,Train
2012-08-01,743.7458,6.613042831420898,6.7349204690825495,-0.12187763766165105,0.14389487497505937,-0.2657725126367104,-0.7150286184579929,-0.08531618438299793,-0.629712434074995,-0.03171159322398276,-0.23406091941272766,0.11218328175107661,-0.23406091941272766,6.847103750833626,-0.23406091941272766,971.5910699343787,-227.8452813601599,Train
2012-09-01,743.7458,6.613042831420898,6.735367058484266,-0.12232422706336799,0.10124182479397889,-0.22356605185734688,-0.6014772694427477,-0.15148162446912705,-0.44999564497362066,-0.05630495187769286,-0.16726109997965402,0.04493687291628603,-0.16726109997965402,6.780303931400552,-0.16726109997965377,908.7445964281586,-164.99880785393987,Train
2012-10-01,845.16565,6.740715026855469,6.735813647885983,0.004901378969485393,0.1428531830712614,-0.13795180410177602,-0.3711425494009338,0.45670833381705656,-0.8278508832179903,0.16975617239272162,-0.30770797649449766,0.31260935546398305,-0.30770797649449766,7.048423003349966,-0.30770797649449744,1188.4936231768602,-343.3279737627977,Train
2012-11-01,709.93915,6.566586971282959,6.7362602372877,-0.1696732660047413,-0.048606265674937935,-0.12106700032980337,-0.3257160386070546,-0.5798170637568248,0.25410102514977023,-0.21551506321050032,0.09444806288069695,-0.26412132888543827,0.09444806288069696,6.472138908402262,0.09444806288069696,667.4749165533683,42.46423139585045,Train
2012-12-01,439.48615,6.087879180908203,6.736706826689418,-0.648827645781215,-0.028315467159396427,-0.6205121786218185,-1.6694125416302867,-0.9302264403461592,-0.7391861012841275,-0.34576045208521416,-0.27475172653660435,-0.3740759192446106,-0.2747517265366044,6.3626309074448075,-0.2747517265366044,598.1373513385986,-158.65120631906734,Train
2013-01-01,642.32587,6.466651439666748,6.737153416091135,-0.270501976424387,-0.21519251081526383,-0.05530946560912317,-0.14880338974783267,-1.2165470044592543,1.0677436147114217,-0.4521843542613313,0.3968748886522081,-0.6673768650765951,0.3968748886522081,6.06977655101454,0.3968748886522082,446.03483242504143,196.29103427417732,Train
2013-02-01,777.5524,6.657436370849609,6.737600005492852,-0.08016363464324261,-0.12697634581135223,0.046812711168109616,0.12594390541267372,-0.07271942319441016,0.19866332860708388,-0.027029440949580822,0.07384215211769043,-0.15400578676093304,0.07384215211769043,6.5835942187319185,0.07384215211769085,746.2906388160803,31.26179038313842,Train
2013-03-01,980.39215,6.888972282409668,6.738046594894569,0.15092568751509905,-0.08846265176025504,0.23938833927535408,0.6440452092236666,0.09521974747004958,0.548825461753617,0.035392697417236114,0.20399564185811797,-0.05306995434301893,0.20399564185811797,6.68497664055155,0.2039956418581177,826.0263908008226,154.36576007808367,Train
2013-04-01,709.93915,6.566586971282959,6.738493184296286,-0.17190621301332687,0.029369663806115387,-0.20127587681944226,-0.5415082647310908,-0.541908026828595,0.0003997620975041416,-0.20142446636448694,0.00014858954504468058,-0.17205480255837155,0.00014858954504468058,6.566438381737914,0.0001485895450450414,733.5795885437229,-23.640440594504184,Train
2013-05-01,405.6795,6.008025169372559,6.738939773698003,-0.7309146043254442,0.034471432367960464,-0.7653860366934047,-2.059178035284641,-0.4538917808957672,-1.605286254388874,-0.16870927395041918,-0.5966767627429854,-0.13423784158245872,-0.5966767627429854,6.604701932115544,-0.5966767627429856,762.231885202708,-356.55238080817674,Train
2013-06-01,608.5193,6.412670612335205,6.73938636309972,-0.32671575076451465,0.04580073395236813,-0.37251648471688276,-1.0022102917167859,-1.1585569490027625,0.15634665728597663,-0.4306297446292702,0.058113259912387416,-0.38482901067690206,0.058113259912387416,6.354557352422818,0.05811325991238725,593.3196570956127,15.199630013762317,Train
2013-07-01,574.71265,6.3556084632873535,6.739832952501437,-0.38422448921408314,-5.354024247530085e-05,-0.38417094897160786,-1.0335652102230315,-1.0138135654999374,-0.019751644723094097,-0.3768293627591775,-0.007341586212430362,-0.3768829030016528,-0.007341586212430362,6.3629500494997835,-0.0073415862124299736,598.3285917789281,-23.615945294553057,Train
2013-08-01,811.359,6.699942588806152,6.740279541903154,-0.04033695309700125,0.14389487497505937,-0.18423182807206062,-0.49565332470036766,-1.2678483576844022,0.7721950329840346,-0.47125280718243906,0.28702097911037844,-0.3273579322073797,0.28702097911037844,6.412921609695774,0.2870209791103786,629.0389073310921,182.3201014579704,Train
2013-09-01,473.29276,6.161824703216553,6.7407261313048705,-0.5789014280883178,0.10124182479397889,-0.6801432528822967,-1.8298426938030148,-0.4168197674882333,-1.4130229263147815,-0.1549297945037501,-0.5252134583785466,-0.053687969709771216,-0.5252134583785466,6.687038161595099,-0.5252134583785466,827.7330816941902,-354.4403265672371,Train
2013-10-01,439.48615,6.087879180908203,6.7411727207065875,-0.6532935397983843,0.1428531830712614,-0.7961467228696457,-2.1419359199176644,-0.7716488850350784,-1.370287034882586,-0.2868179786864535,-0.5093287441831922,-0.14396479561519207,-0.5093287441831923,6.5972079250913955,-0.5093287441831924,756.533598263145,-317.04745324361375,Train
2013-11-01,507.0994,6.230677127838135,6.741619310108304,-0.5109421822701696,-0.048606265674937935,-0.4623359165952317,-1.24385854815046,-1.8448872782962842,0.6010287301458241,-0.6857352486697862,0.22339933207455448,-0.7343415143447242,0.22339933207455454,6.007277795763581,0.2233993320745542,418.95088384585154,88.14851190610159,Train
2013-12-01,540.906,6.295092582702637,6.742065899510021,-0.4469733168073846,-0.028315467159396427,-0.4186578496479882,-1.1263480217368664,-2.048800334197733,0.9224523124608666,-0.7615286978092515,0.3428708481612633,-0.789844164968648,0.34287084816126334,5.952221734541373,0.34287084816126345,396.4549919928291,144.4510138665459,Train
2014-01-01,540.906,6.295092582702637,6.742512488911738,-0.44741990620910155,-0.21519251081526383,-0.23222739539383772,-0.6247795607197715,-1.3792104675915353,0.7544309068717638,-0.512645538883685,0.2804181434898473,-0.7278380496989488,0.2804181434898473,6.014674439212789,0.2804181434898476,422.0686270027034,118.83737885667159,Train
2014-02-01,777.5524,6.657436370849609,6.742959078313455,-0.08552270746384583,-0.12697634581135223,0.0414536383475064,0.11152597183061971,-0.8285222914429288,0.9400482632735485,-0.3079575355279971,0.34941117387550347,-0.4349338813393493,0.34941117387550347,6.308025196974106,0.34941117387550324,566.2982402908104,211.2541889084083,Train
2014-03-01,743.7458,6.613042831420898,6.743405667715172,-0.1303628362942737,-0.08846265176025504,-0.041900184534018656,-0.11272735003053903,-0.02760598148231186,-0.08512136854822717,-0.010261003368199543,-0.03163918116581911,-0.09872365512845459,-0.03163918116581911,6.644682012586718,-0.03163918116581943,793.3641458090474,-49.618357234828636,Train
2014-04-01,473.29276,6.161824703216553,6.743852257116889,-0.5820275539003363,0.029369663806115387,-0.6113972177064517,-1.6448898479703817,-1.2020896425500984,-0.4428002054202833,-0.4468106261314266,-0.16458659157502514,-0.4174409623253112,-0.16458659157502514,6.326411294791578,-0.1645865915750253,576.8251187893356,-103.53236366238252,Train
2014-05-01,878.9723,6.779890537261963,6.744298846518606,0.035591690743356885,0.034471432367960464,0.0011202583753964213,0.0030139188982670814,-1.839784806433364,1.8427987253316311,-0.6838386857453665,0.684958944120763,-0.6493672533774061,0.684958944120763,6.0949315931412,0.6849589441207629,457.4226423983748,421.5496476406877,Train
2014-06-01,574.71265,6.3556084632873535,6.744745435920323,-0.3891369726329694,0.04580073395236813,-0.43493770658533754,-1.1701469966538791,-0.8440562648759669,-0.32609073177791226,-0.3137314347034369,-0.12120627188190064,-0.2679307007510688,-0.12120627188190064,6.476814735169254,-0.12120627188190092,670.6079084167184,-95.89526193234337,Train
2014-07-01,709.93915,6.566586971282959,6.74519202532204,-0.1786050540390809,-5.354024247530085e-05,-0.17855151379660558,-0.48037113005769705,-1.2732953277208012,0.7929241976631042,-0.4732774183315041,0.29472590453489855,-0.4733309585739794,0.2947259045348985,6.271861066748061,0.2947259045348982,546.1489299588798,163.790217990339,Train
2014-08-01,608.5193,6.412670612335205,6.745638614723757,-0.33296800238855173,0.14389487497505937,-0.4768628773636111,-1.2829415691354262,-1.0058155354268143,-0.2771260337086119,-0.3738565355270843,-0.1030063418365268,-0.22996166055202494,-0.1030063418365268,6.515676954171732,-0.1030063418365268,697.2218714240973,-88.70258431472234,Train
2014-09-01,676.1325,6.517867088317871,6.746085204125475,-0.22821811580760354,0.10124182479397889,-0.32945994060158246,-0.8863718968846549,-1.3863181910111857,0.4999462941265308,-0.5152874436461001,0.18582750304451767,-0.4140456188521212,0.18582750304451767,6.332039585273353,0.18582750304451778,580.0864556719282,96.04605165229054,Train
2014-10-01,777.5524,6.657436370849609,6.746531793527192,-0.08909542267758219,0.1428531830712614,-0.2319486057488436,-0.6240295110900228,-0.733564544756121,0.10953503366609818,-0.2726622224736766,0.04071361672483301,-0.1298090394024152,0.04071361672483301,6.616722754124776,0.0407136167248332,771.4619250345589,6.090504164659819,Train
2014-11-01,1048.0054,6.955597877502441,6.7469783829289085,0.2086194945735329,-0.048606265674937935,0.2572257602484708,0.6920346207272382,-0.8862554822804605,1.5782901030076988,-0.32941666988336826,0.5866424301318391,-0.3780229355583062,0.5866424301318391,6.3689554473706025,0.5866424301318389,601.9386274285243,446.06674366522566,Train
2014-12-01,912.77893,6.817588806152344,6.747424972330625,0.07016383382171831,-0.028315467159396427,0.09847930098111474,0.26494658092610085,-0.7101345065421736,0.9750810874682745,-0.2639533960483455,0.36243269702946024,-0.2922688632077419,0.36243269702946024,6.455156109122884,0.36243269702946,656.2181970756643,256.5607335883982,Train
2015-01-01,507.0994,6.230677127838135,6.747871561732342,-0.5171944338942076,-0.21519251081526383,-0.3020019230789438,-0.8124994405496209,0.04772094093429302,-0.8602203814839139,0.01773763182352987,-0.3197395549024737,-0.19745487899173397,-0.31973955490247363,6.550416682740608,-0.3197395549024735,721.9041553753386,-214.8047596233855,Train
2015-02-01,1217.0386,7.104997158050537,6.748318151134059,0.3566790069164778,-0.12697634581135223,0.48365535272783,1.3012158979115789,0.295714342780133,1.005501555131446,0.10991552208480816,0.37373983064302185,-0.017060823726544064,0.37373983064302185,6.731257327407516,0.3737398306430215,865.2012681855238,351.83730603322624,Train
2015-03-01,676.1325,6.517867088317871,6.748764740535776,-0.23089765221790515,-0.08846265176025504,-0.14243500045765012,-0.3832040438903898,0.7741786075022601,-1.15738265139265,0.2877582637030537,-0.4301932641607038,0.19929561194279866,-0.4301932641607038,6.948060352478575,-0.430193264160704,1074.9080890016442,-398.7755816774254,Train
2015-04-01,1048.0054,6.955597877502441,6.749211329937493,0.20638654756494823,0.029369663806115387,0.17701688375883284,0.47624239460320444,-0.3999177039250563,0.8761600985282607,-0.14864738316248313,0.325664266921316,-0.11927771935636775,0.325664266921316,6.6299336105811255,0.3256642669213159,781.734514090903,266.27085700284704,Train
2015-05-01,946.5855,6.853917121887207,6.74965791933921,0.10425920254799692,0.034471432367960464,0.06978777018003646,0.18775550715173098,-0.0735120143307717,0.26126752148250265,-0.027324043056918386,0.09711181323695484,0.007147389311042078,0.09711181323695484,6.756805308650252,0.09711181323695506,887.6160692320075,58.969441021898774,Train
2015-06-01,980.39215,6.888972282409668,6.750104508740927,0.13886777366874092,0.04580073395236813,0.09306703971637278,0.2503855503045782,0.07575218779539794,0.17463336250918027,0.02815670417714005,0.06491033553923273,0.07395743812950818,0.06491033553923274,6.824061946870435,0.06491033553923309,949.4370318345957,30.95511904431055,Train
2015-07-01,811.359,6.699942588806152,6.750551098142644,-0.050608509336491636,-5.354024247530085e-05,-0.050554969094016335,-0.136011995179098,0.33205714496615246,-0.4680691401452505,0.1234239574171833,-0.17397892651119964,0.12337041717470801,-0.17397892651119964,6.873921515317352,-0.17397892651119928,998.0266757741047,-186.66766698504216,Train
2015-08-01,1183.2319,7.076849937438965,6.750997687544361,0.32585224989460393,0.14389487497505937,0.18195737491954456,0.4895341851427942,-0.10729410503777514,0.5968282901805693,-0.039880674914093535,0.22183804983363808,0.10401420006096584,0.22183804983363808,6.855011887605327,0.22183804983363764,979.3129457203623,203.91898787338766,Train
2015-09-01,878.9723,6.779890537261963,6.751444276946078,0.02844626031588504,0.10124182479397889,-0.07279556447809385,-0.1958476118626706,0.4611533147052278,-0.6570009265678984,0.17140834925498358,-0.24420391373307743,0.27265017404896247,-0.24420391373307743,7.02409445099504,-0.24420391373307737,1159.9041457000956,-280.93185566103307,Train
2015-10-01,1081.812,6.987316608428955,6.751890866347795,0.2354257420811603,0.1428531830712614,0.09257255900989889,0.24905521010913648,0.27034108150478064,-0.021285871395644168,0.10048440949873996,-0.007911850488841077,0.24333759257000137,-0.007911850488841077,6.995228458917796,-0.007911850488841132,1126.8725345293121,-45.060522810562134,Train
2015-11-01,980.39215,6.888972282409668,6.752337455749512,0.13663482666015625,-0.048606265674937935,0.18524109233509417,0.49836862743990396,0.7603411779655539,-0.26197255052564994,0.28261496129323566,-0.09737386895814149,0.23400869561829774,-0.09737386895814149,6.986346151367809,-0.09737386895814115,1116.8987843322654,-136.5066334533592,Train
2015-12-01,1115.6187,7.018060207366943,6.752784045151229,0.2652761622157147,-0.028315467159396427,0.29359162937511113,0.7898725683113411,0.28161687742313246,0.5082556908882087,0.10467556567884073,0.1889160636962704,0.07636009851944431,0.1889160636962704,6.829144143670673,0.18891606369627034,954.2796349845461,161.33901735920392,Train
2016-01-01,1352.265,7.210275650024414,6.753230634552946,0.4570450154714685,-0.21519251081526383,0.6722375262867323,1.8085732979973619,0.8053477130366201,1.0032255849607417,0.29934366221810954,0.37289386406862274,0.08415115140284571,0.3728938640686228,6.837381785955792,0.37289386406862235,962.1813881241616,390.0836265242759,Train
2016-02-01,912.77893,6.817588806152344,6.7536772239546625,0.06391158219768123,-0.12697634581135223,0.19088792800903345,0.5135607519773095,1.9852149575243931,-1.4716542055470836,0.7378943356464202,-0.5470064076373867,0.610917989835068,-0.5470064076373867,7.36459521378973,-0.5470064076373866,1630.8264357760593,-718.0475051119968,Train
2016-03-01,845.16565,6.740715026855469,6.7541238133563795,-0.013408786500910708,-0.08846265176025504,0.07505386525934434,0.20192329543002052,1.349763987971985,-1.1478406925419644,0.501700431688296,-0.4266465664289517,0.413237779928041,-0.4266465664289517,7.16736159328442,-0.4266465664289516,1338.727559858733,-493.5619104446705,Train
2016-04-01,1081.812,6.987316608428955,6.754570402758096,0.23274620567085869,0.029369663806115387,0.2033765418647433,0.5471598485246254,0.18833022694137858,0.3588296215832468,0.07000139061230123,0.13337515125244206,0.09937105441841662,0.13337515125244206,6.853941457176513,0.1333751512524417,978.2641503448892,103.54786137386077,Train
2016-05-01,1622.718,7.3924736976623535,6.755016992159813,0.6374567055025402,0.034471432367960464,0.6029852731345797,1.6222585342724427,1.1468506956917328,0.4754078385807099,0.4262785896185187,0.176706683516061,0.4607500219864792,0.176706683516061,7.215767014146293,0.1767066835160609,1405.1728181811911,217.54519939693387,Train
2016-06-01,878.9723,6.779890537261963,6.755463581561531,0.02442695570043174,0.04580073395236813,-0.02137377825193639,-0.05750355062338597,1.0175087571915824,-1.0750123078149683,0.37820284677815386,-0.3995766250300902,0.42400358073052197,-0.3995766250300902,7.179467162292053,-0.3995766250300905,1355.044286656676,-476.0719966176134,Train
2016-07-01,1453.6849,7.2825446128845215,6.755910170963248,0.5266344419212734,-5.354024247530085e-05,0.5266879821637487,1.4169899532076553,0.5898718802356882,0.8271180729719672,0.21925238752270965,0.30743559464103903,0.21919884728023434,0.3074355946410391,6.975109018243482,0.3074355946410394,1104.407123547307,349.27781297613046,Train
2016-08-01,1183.2319,7.076849937438965,6.756356760364965,0.3204931770739998,0.14389487497505937,0.17659830209894045,0.4751162515607378,0.9184684500757894,-0.4433521985150516,0.341390066708957,-0.16479176461001654,0.48528494168401637,-0.16479176461001654,7.241641702048981,-0.16479176461001632,1442.0319032448476,-258.7999696510976,Train
2016-09-01,1183.2319,7.076849937438965,6.756803349766682,0.3200465876722829,0.10124182479397889,0.218804762878304,0.588667600575983,0.8654840409638218,-0.2768164403878388,0.3216960304469856,-0.10289126756868158,0.4229378552409645,-0.10289126756868161,7.179741205007646,-0.1028912675686815,1355.4159516391703,-172.18401804542032,Train
2016-10-01,1318.4584,7.184976577758789,6.757249939168399,0.4277266385903902,0.1428531830712614,0.2848734555191288,0.7664173819721855,1.1647408217309452,-0.3983234397587597,0.4329282587731363,-0.1480548032540075,0.5757814418443977,-0.14805480325400755,7.3330313810127965,-0.14805480325400744,1580.124128004062,-261.66575398062446,Train
2016-11-01,507.0994,6.230677127838135,6.757696528570116,-0.5270194007319811,-0.048606265674937935,-0.47841313505704314,-1.2871123488966267,1.3303476029135983,-2.617459951810225,0.4944834597936355,-0.9728965948506787,0.4458771941186976,-0.9728965948506787,7.203573722688813,-0.9728965948506785,1388.1310519227786,-881.0316561708255,Train
2016-12-01,1183.2319,7.076849937438965,6.758143117971833,0.3187068194671321,-0.028315467159396427,0.3470222866265285,0.9336212526984504,0.08906712295391905,0.8445541297445314,0.0331057980753767,0.31391648855115184,0.00479033091598027,0.31391648855115184,6.7629334488878134,0.3139164885511514,893.0783528473654,290.1535807463846,Train
2017-01-01,709.93915,6.566586971282959,6.75858970737355,-0.1920027360905907,-0.21519251081526383,0.023189774724673123,0.0623892682476178,0.9454599219844844,-0.8830706537368666,0.35142265998390504,-0.3282328852592319,0.1362301491686412,-0.3282328852592319,6.894819856542191,-0.328232885259232,1019.124361610119,-309.1852136609002,Train
2017-02-01,540.906,6.295092582702637,6.759036296775267,-0.4639437140726299,-0.12697634581135223,-0.3369673682612777,-0.9065697178497706,1.4119065220400735,-2.318476239889844,0.5247984965692594,-0.8617658648305371,0.39782215075790717,-0.8617658648305371,7.156858447533174,-0.8617658648305371,1324.7298447324933,-783.8238388731183,Train
2017-03-01,676.1325,6.517867088317871,6.759482886176984,-0.24161579785911247,-0.08846265176025504,-0.15315314609885744,-0.4120399110545002,0.07054653996633808,-0.4825864510208383,0.026221791269157815,-0.17937493736801524,-0.06224086049109723,-0.17937493736801524,6.6972420256858864,-0.17937493736801535,836.2326519100034,-160.10014458578462,Train
2017-04-01,1622.718,7.3924736976623535,6.7599294755787005,0.632544222083653,0.029369663806115387,0.6031745582775376,1.622767782926192,-0.10385683703851323,1.726624619964705,-0.038603059824029465,0.6417776181015671,-0.009233396017914078,0.6417776181015671,6.750696079560786,0.6417776181015675,882.2038591413223,740.5141584368027,Train
2017-05-01,1149.4253,7.047886848449707,6.760376064980417,0.2875107834692896,0.034471432367960464,0.25303935110132914,0.6807715961236654,0.9536281879669342,-0.2728565918432687,0.35445876304048246,-0.10141941193915333,0.3889301954084429,-0.10141941193915333,7.14930626038886,-0.10141941193915294,1314.755396699491,-165.33010373074103,Train
2017-06-01,1487.4916,7.305518627166748,6.760822654382134,0.5446959727846137,0.04580073395236813,0.49889523883224557,1.3422169577976804,0.1367224656048438,1.2054944921928366,0.05081904734952969,0.4480761914827159,0.09661978130189783,0.4480761914827158,6.857442435684032,0.44807619148271627,981.6985414452436,505.79303570319394,Train
2017-07-01,743.7458,6.613042831420898,6.761269243783851,-0.14822641236295286,-5.354024247530085e-05,-0.14817287212047756,-0.39864108968289014,0.7538533816499999,-1.15249447133289,0.28020348029268705,-0.42837635241316463,0.28014994005021177,-0.42837635241316463,7.041419183834063,-0.4283763524131645,1180.19173093862,-436.44594236440116,Train
2017-08-01,1487.4916,7.305518627166748,6.761715833185568,0.5438027939811798,0.14389487497505937,0.39990791900612044,1.075903613961094,0.023525953350090667,1.0523776606110034,0.008744477595192857,0.39116344141092757,0.15263935257025224,0.39116344141092757,6.91435518575582,0.39116344141092796,1039.2487551793904,448.2428219690471,Train
2017-09-01,1217.0386,7.104997158050537,6.762162422587285,0.34283473546325194,0.10124182479397889,0.24159291066927305,0.6499763404096843,0.623469582521573,0.0265067578881113,0.2317404831385138,0.009852427530759239,0.3329823079324927,0.009852427530759211,7.0951447305197775,0.009852427530759655,1245.3875620551987,-28.348987836448714,Train
2017-10-01,1859.3644,7.528527736663818,6.762609011989002,0.7659187246748163,0.1428531830712614,0.6230655416035549,1.676282054158651,0.5880518520089579,1.088230202149693,0.21857589225748375,0.4044896493460711,0.36142907532874513,0.4044896493460711,7.124038087317747,0.404489649346071,1281.9251880820302,577.4391918007823,Train
2017-11-01,1115.6187,7.018060207366943,6.763055601390719,0.2550046059762243,-0.048606265674937935,0.30361087165116224,0.8168281209814301,1.0811599562695227,-0.26433183528809256,0.40186167479508794,-0.0982508031439257,0.35325540912015,-0.0982508031439257,7.116311010510869,-0.09825080314392576,1272.0501284231923,-156.4314760794423,Train
2017-12-01,1419.8783,7.259030342102051,6.763502190792436,0.4955281513096148,-0.028315467159396427,0.5238436184690113,1.4093375386563423,0.589472095111345,0.8198654435449972,0.21910378941870565,0.3047398290503056,0.19078832225930922,0.3047398290503056,6.954290513051745,0.3047398290503054,1081.632093221808,338.24620267662954,Train
2018-01-01,1521.2982,7.327976226806641,6.763948780194153,0.5640274466124877,-0.21519251081526383,0.7792199574277515,2.096396516354798,1.6647102346062694,0.4316862817485285,0.6187643549393798,0.16045560248837176,0.40357184412411595,0.16045560248837176,7.167520624318269,0.16045560248837187,1338.9406350599882,182.35758271344935,Train
2018-02-01,642.32587,6.466651439666748,6.76439536959587,-0.2977439299291218,-0.12697634581135223,-0.17076758411776957,-0.4594294140419397,1.3589193779690834,-1.818348792011023,0.5051034437368842,-0.6758710278546538,0.378127097925532,-0.6758710278546538,7.142522467521402,-0.6758710278546536,1305.8597917093875,-663.5339250101688,Train
2018-03-01,811.359,6.699942588806152,6.764841958997588,-0.06489937019143532,-0.08846265176025504,0.02356328156881972,0.06339414298091953,1.0687749693238113,-1.0053808263428918,0.3972582379331717,-0.373694956364352,0.3087955861729167,-0.373694956364352,7.073637545170504,-0.3736949563643517,1218.8674821289126,-407.50847333985007,Train
2018-04-01,1453.6849,7.2825446128845215,6.765288548399305,0.5172560644852169,0.029369663806115387,0.4878864006791015,1.3125990177880973,0.331088019657771,0.9815109981303263,0.12306373845304754,0.364822662226054,0.1524334022591629,0.364822662226054,6.917721950658468,0.36482266222605375,1042.7569304652695,410.92800605816797,Train
2018-05-01,1115.6187,7.018060207366943,6.7657351378010215,0.2523250695659218,0.034471432367960464,0.21785363719796136,0.5861087126215883,1.7231350194351895,-1.1370263068136013,0.6404805512753079,-0.42262691407734654,0.6749519836432684,-0.42262691407734654,7.44068712144429,-0.4226269140773464,1759.8414790965362,-644.2228267527862,Train
2018-06-01,1318.4584,7.184976577758789,6.7661817272027385,0.4187948505560506,0.04580073395236813,0.3729941166036825,1.0034953022122721,0.3577506609360739,0.6457446412761982,0.13297410704968873,0.24002000955399375,0.17877484100205687,0.24002000955399372,6.944956568204796,0.2400200095539935,1071.5738794052927,246.8844946181448,Train
2018-07-01,1521.2982,7.327976226806641,6.766628316604455,0.5613479102021852,-5.354024247530085e-05,0.5614014504446605,1.510382317303314,1.0912394517764163,0.4191428655268976,0.4056081721769056,0.1557932782677549,0.4055546319344303,0.1557932782677549,7.172182948538886,0.1557932782677547,1345.2024587201686,176.09575905326892,Train
2018-08-01,1183.2319,7.076849937438965,6.767074906006172,0.3097750314327925,0.14389487497505937,0.16588015645773313,0.4462803843966274,0.8484887922989448,-0.4022084079023174,0.31537898267581943,-0.1494988262180863,0.4592738576508788,-0.1494988262180863,7.226348763657051,-0.1494988262180863,1420.1315921296443,-236.89965853589433,Train
2018-09-01,1115.6187,7.018060207366943,6.767521495407889,0.2505387119590541,0.10124182479397889,0.1492968871650752,0.40166511544270694,0.9536507490777646,-0.5519856336350577,0.3544671488910044,-0.2051702617259292,0.4557089736849833,-0.20517026172592923,7.223230469092872,-0.20517026172592878,1415.7069874066676,-300.0883350629176,Validate
2018-10-01,878.9723,6.779890537261963,6.767968084809606,0.01192245245235668,0.1428531830712614,-0.13093073061890473,-0.3522532051916934,0.7604089155720395,-1.1126621207637328,0.2826401390181699,-0.4135708696370747,0.42549332208943136,-0.4135708696370747,7.193461406899037,-0.41357086963707435,1374.1545067734623,-495.18221673439984,Validate
2018-11-01,1318.4584,7.184976577758789,6.768414674211323,0.4165619035474659,-0.048606265674937935,0.46516816922240384,1.2514783793475976,0.40341513567684384,0.8480632436707538,0.14994736081436028,0.31522080840804356,0.10134109513942234,0.31522080840804356,6.869755769350745,0.3152208084080437,993.8736406793495,324.584733344088,Validate
2018-12-01,1284.6517,7.159020900726318,6.76886126361304,0.3901596371132783,-0.028315467159396427,0.4184751042726747,1.1258563675325108,0.8735469657964885,0.25230940173602234,0.32469297873221653,0.09378212554045817,0.2963775115728201,0.09378212554045817,7.06523877518586,0.09378212554045806,1208.6649998586531,75.98673353978438,Validate
2019-01-01,980.39215,6.888972282409668,6.769307853014757,0.11966442939491095,-0.21519251081526383,0.33485694021017476,0.9008918678766327,1.1817086881106453,-0.28081682023401267,0.4392351286877169,-0.10437818847754216,0.22404261787245308,-0.10437818847754213,6.9933504708872105,-0.10437818847754254,1124.756391077418,-144.36424019851165,Validate
2019-02-01,1048.0054,6.955597877502441,6.769754442416474,0.18584343508596746,-0.12697634581135223,0.31281978089731965,0.8416035711980807,0.6867754021580722,0.1548281690400085,0.25527093536796847,0.05754884552935119,0.12829458955661624,0.05754884552935122,6.89804903197309,0.057548845529351134,1022.4238465758503,25.581524517899652,Validate
2019-03-01,878.9723,6.779890537261963,6.770201031818191,0.009689505443772006,-0.08846265176025504,0.09815215720402705,0.26406644038542765,0.9231353603689811,-0.6590689199835535,0.3431247336059919,-0.24497257640196485,0.25466208184573685,-0.24497257640196485,7.024863113663928,-0.24497257640196501,1160.7968324225783,-281.8245423835158,Validate
2019-04-01,912.77893,6.817588806152344,6.770647621219908,0.04694118493243593,0.029369663806115387,0.017571521126320544,0.04727404030804567,0.9548504257154772,-0.9075763854074315,0.35491306261547045,-0.3373415414891499,0.38428272642158584,-0.3373415414891499,7.154930347641494,-0.33734154148914985,1322.1761678256737,-409.3972371616112,Validate
2019-05-01,1217.0386,7.104997158050537,6.771094210621625,0.33390294742891236,0.034471432367960464,0.2994315150609519,0.8055840704244552,0.42211993617373683,0.3834641342507184,0.1568998403348981,0.1425316747260538,0.19137127270285856,0.1425316747260538,6.9624654833244835,0.14253167472605366,1090.5188534084855,126.51972081026452,Validate
2019-06-01,1690.3313,7.433271408081055,6.771540800023342,0.661730608057713,0.04580073395236813,0.6159298741053448,1.6570844086895915,0.784126085860543,0.8729583228290485,0.29145569097999485,0.32447418312535,0.33725642493236296,0.32447418312535004,7.108797224955705,0.3244741831253499,1262.520549198832,427.810749629293,Validate
2019-07-01,743.7458,6.613042831420898,6.771987389425059,-0.15894455800416019,-5.354024247530085e-05,-0.15889101776168488,-0.42747695684700054,0.9317298514500743,-1.3592068082970747,0.34631926237098304,-0.5052102801326679,0.34626572212850776,-0.5052102801326679,7.1182531115535665,-0.5052102801326681,1274.524922777497,-530.7791342032783,Validate
2019-08-01,1352.265,7.210275650024414,6.772433978826776,0.4378416711976385,0.14389487497505937,0.29394679622257913,0.7908281015143336,0.2724923371914718,0.5183357643228618,0.10128402033167268,0.19266277589090647,0.24517889530673204,0.19266277589090647,7.0176128741335075,0.19266277589090652,1152.403988929464,199.86102571897345,Validate
2019-09-01,1386.0717,7.234950065612793,6.7728805682284925,0.4620694973843005,0.10124182479397889,0.36082767259032156,0.9707629644392108,0.4913715245095831,0.47939143992962774,0.18264030464777126,0.1781873679425503,0.2838821294417502,0.1781873679425503,7.0567626976702424,0.17818736794255052,1198.4551165594605,187.61653871397698,Validate
2019-10-01,946.5855,6.853917121887207,6.773327157630209,0.0805899642569976,0.1428531830712614,-0.062263218814263804,-0.16751161693822708,0.9942942624584676,-1.1618058793966948,0.3695741367719486,-0.4318373555862124,0.51242731984321,-0.4318373555862124,7.28575447747342,-0.4318373555862127,1507.1129449194652,-560.527434665559,Validate
2019-11-01,980.39215,6.888972282409668,6.773773747031926,0.1151985353777416,-0.048606265674937935,0.16380480105267953,0.44069689311168314,0.5472617477471466,-0.1065648546354635,0.2034144172891754,-0.039609616236495865,0.15480815161423744,-0.03960961623649584,6.928581898646164,-0.03960961623649606,1054.1538494043239,-73.76169852541761,Validate
2019-12-01,912.77893,6.817588806152344,6.774220336433643,0.04336846971870045,-0.028315467159396427,0.07168393687809688,0.19285691301582605,0.4259872470890793,-0.23313033407325326,0.15833730019676281,-0.08665336331866594,0.1300218330373664,-0.08665336331866594,6.90424216947101,-0.08665336331866591,1028.7817184423664,-116.00278777830385,Validate
2020-01-01,912.77893,6.817588806152344,6.774666925835361,0.04292188031698263,-0.21519251081526383,0.25811439113224643,0.6944253740329185,0.9664376449307774,-0.27201227089785895,0.3592199732562837,-0.10110558212403725,0.14402746244101985,-0.10110558212403722,6.918694388276381,-0.10110558212403742,1043.77241263492,-130.9934819708576,Validate
2020-02-01,912.77893,6.817588806152344,6.775113515237078,0.042475290915265695,-0.12697634581135223,0.16945163672661792,0.4558890176490864,0.3832152268394807,0.07267379080960568,0.14243915710313515,0.02701247962348277,0.015462811291782924,0.02701247962348277,6.790576326528861,0.027012479623483188,918.1380162475359,-5.359085583473416,Validate
2020-03-01,1149.4253,7.047886848449707,6.775560104638795,0.27232674381091204,-0.08846265176025504,0.36078939557116707,0.9706599847749363,0.44210738155740137,0.5285526032175349,0.1643290724574689,0.19646032311369818,0.07586642069721385,0.1964603231136982,6.8514265253360085,0.19646032311369854,975.8044620235968,173.62083094515322,Validate
2020-04-01,405.6795,6.008025169372559,6.776006694040512,-0.7679815246679533,0.029369663806115387,-0.7973511884740687,-2.145176388123223,0.5822956146486321,-2.7274720027718553,0.21643632801194865,-1.0137875164860173,0.24580599181806403,-1.0137875164860173,7.021812685858576,-1.0137875164860173,1157.2582548923353,-751.5787504978041,Validate
2020-05-01,439.48615,6.087879180908203,6.776453283442229,-0.6885741025340257,0.034471432367960464,-0.7230455349019862,-1.9452660652303146,-0.509626351609441,-1.4356397136208736,-0.1894255313377754,-0.5336200035642108,-0.15495409896981494,-0.5336200035642108,6.621499184472414,-0.5336200035642111,775.1603612457385,-335.67421622620725,Validate
2020-06-01,405.6795,6.008025169372559,6.776899872843946,-0.7688747034713872,0.04580073395236813,-0.8146754374237554,-2.191785172716569,-0.8801659451867805,-1.3116192275297884,-0.3271532198166115,-0.48752221760714387,-0.2813524858642434,-0.4875222176071438,6.495547386979703,-0.4875222176071441,683.3074825004602,-277.62797810592895,Validate
2020-07-01,845.16565,6.740715026855469,6.777346462245663,-0.03663143539019398,-5.354024247530085e-05,-0.03657789514771868,-0.09840837780438694,-1.0346712770780928,0.9362628992737059,-0.3845820684144181,0.3480041732666994,-0.3846356086568934,0.3480041732666994,6.39271085358877,0.3480041732666992,616.4331595749483,228.73248983911424,Validate
2020-08-01,845.16565,6.740715026855469,6.77779305164738,-0.03707802479191091,0.14389487497505937,-0.18097289976697029,-0.48688557448976694,-0.6301822200647531,0.14329664557498617,-0.23423553648353637,0.053262636716566086,-0.090340661508477,0.053262636716566086,6.687452390138903,0.05326263671656584,828.076437700842,17.089211713220493,Validate
2020-09-01,1048.0054,6.955597877502441,6.778239641049097,0.1773582364533448,0.10124182479397889,0.07611641165936592,0.2047819472782403,-1.0364407701603857,1.241222717438626,-0.38523978002264503,0.4613561916820109,-0.2839979552286661,0.4613561916820109,6.49424168582043,0.46135619168201103,682.4145644961553,365.5908065975947,Validate
2020-10-01,709.93915,6.566586971282959,6.7786862304508135,-0.21209925916785455,0.1428531830712614,-0.35495244223911593,-0.9549563718030213,-0.5888829823505051,-0.3660733894525162,-0.21888481919201397,-0.13606762304710196,-0.07603163612075256,-0.136067623047102,6.702654594330061,-0.13606762304710163,840.7765170074393,-130.8373690582206,Validate
2020-11-01,540.906,6.295092582702637,6.7791328198525305,-0.48404023714989375,-0.048606265674937935,-0.4354339714749558,-1.1714821369770547,-1.0902641997634386,-0.08121793721361614,-0.4052456759477308,-0.030188295527225018,-0.45385194162266873,-0.030188295527225018,6.3252808782298615,-0.030188295527224795,576.172304750697,-35.26629889132198,Validate
2020-12-01,507.0994,6.230677127838135,6.779579409254247,-0.5489022814161126,-0.028315467159396427,-0.5205868142567162,-1.4005755030590468,-0.8149650314958259,-0.5856104715632209,-0.3029183707343124,-0.21766844352240378,-0.3312338378937088,-0.21766844352240383,6.448345571360538,-0.21766844352240344,651.7573951984564,-144.65799944650325,Validate
2021-01-01,202.83975,5.317334175109863,6.780025998655964,-1.462691823546101,-0.21519251081526383,-1.2474993127308371,-3.3562451634286012,-1.3647883486063241,-1.991456814822277,-0.5072849103699462,-0.740214402360891,-0.72247742118521,-0.7402144023608911,6.0575485774707545,-0.7402144023608912,440.6017875823775,-237.76203538511186,Validate
2021-02-01,270.453,5.60378885269165,6.780472588057681,-1.1766837353660309,-0.12697634581135223,-1.0497073895546787,-2.8241100522099436,-1.5891779900282401,-1.2349320621817035,-0.5906894025411314,-0.45901798701354724,-0.7176657483524836,-0.45901798701354724,6.062806839705198,-0.45901798701354757,442.9299612942707,-172.4769583645832,Validate
2021-03-01,338.06625,5.82619571685791,6.780919177459398,-0.954723460601488,-0.08846265176025504,-0.866260808841233,-2.330569340015692,-2.3444661634542365,0.01389682343854437,-0.8714261876632664,0.005165378822033384,-0.9598888394235214,0.005165378822033384,5.821030338035877,0.005165378822033162,347.58785861331154,-9.521604951202164,Validate
2021-04-01,912.77893,6.817588806152344,6.781365766861115,0.03622303929122861,0.029369663806115387,0.006853375485113222,0.01843817314393528,-2.138611965400624,2.1570501385445593,-0.7949112258264797,0.8017646013115929,-0.7655415620203643,0.8017646013115929,6.015824204840751,0.8017646013115929,422.5553365156169,490.2235941484456,Validate
2021-05-01,811.359,6.699942588806152,6.781812356262832,-0.08186976745667973,0.034471432367960464,-0.1163411998246402,-0.3130018471626826,-1.593711803616197,1.2807099564535145,-0.5923745980675655,0.47603339824292534,-0.5579031656996051,0.47603339824292534,6.223909190563227,0.476033398242925,520.5312291756901,290.8277796133724,Validate
2021-06-01,1014.1988,6.922839641571045,6.782258945664549,0.1405806959064959,0.04580073395236813,0.09477996195412777,0.2549939592368522,-1.2810544097060028,1.536048368942855,-0.4761614297706664,0.5709413917247942,-0.4303606958182983,0.5709413917247942,6.351898249846251,0.5709413917247943,591.7413994685519,422.45739203535436,Validate
2021-07-01,1217.0386,7.104997158050537,6.782705535066266,0.32229162298427116,-5.354024247530085e-05,0.32234516322674645,0.8672304537515982,-1.601676392524983,2.4689068462765813,-0.595334995388405,0.9176801586151514,-0.5953885356308802,0.9176801586151514,6.187316999435386,0.9176801586151511,501.7922007126544,715.2463735060956,Test
2021-08-01,676.1325,6.517867088317871,6.783152124467983,-0.2652850361501118,0.14389487497505937,-0.40917991112517116,-1.1008487809742853,-1.4589051218080415,0.35805634083375626,-0.5422676378431814,0.13308772671801028,-0.39837276286812207,0.13308772671801028,6.384779361599861,0.13308772671800995,611.5553630892063,64.5771442350125,Test
2021-09-01,1115.6187,7.018060207366943,6.783598713869701,0.23446149349724266,0.10124182479397889,0.13321966870326377,0.35841131469654014,-1.5472114551118687,1.905622769808409,-0.5750906542624491,0.7083103229657128,-0.4738488294684702,0.7083103229657128,6.3097498844012305,0.7083103229657128,567.2774966460947,548.3411556976553,Test
2021-10-01,1250.8452,7.132373809814453,6.784045303271418,0.3483285065430355,0.1428531830712614,0.20547532347177408,0.5528063651565828,-1.5692141891039062,2.122020554260489,-0.583268958944228,0.7887442824160021,-0.44041577587296665,0.7887442824160021,6.343629527398451,0.788744282416002,586.860393007097,663.984821836653,Test
2021-11-01,878.9723,6.779890537261963,6.784491892673135,-0.0046013554111716815,-0.048606265674937935,0.04400491026376625,0.11838985860166266,-1.578234206084555,1.6966240646862176,-0.5866216535288765,0.6306265637926428,-0.6352279192038145,0.6306265637926428,6.14926397346932,0.6306265637926431,483.0188919554147,395.9533980836478,Test
2021-12-01,1352.265,7.210275650024414,6.7849384820748515,0.42533716794956256,-0.028315467159396427,0.453652635108959,1.2204972354879335,-1.7355112723740758,2.956008507862009,-0.6450807417511644,1.0987333768601233,-0.6733962089105608,1.0987333768601233,6.11154227316429,1.0987333768601237,465.1009486248721,887.1640660235654,Test
2022-01-01,1318.4584,7.184976577758789,6.785385071476568,0.3995915062822206,-0.21519251081526383,0.6147840170974844,1.6540016197843266,-1.6228917933722578,3.2768934131565843,-0.6032206523316682,1.2180046694291526,-0.818413163146932,1.2180046694291526,5.966971908329636,1.2180046694291526,402.36097223644055,916.0974017869969,Test
2022-02-01,1081.812,6.987316608428955,6.785831660878285,0.2014849475506697,-0.12697634581135223,0.3284612933620219,0.8836851579553889,-1.8438515083799327,2.7275366663353218,-0.6853502582427234,1.0138115516047455,-0.8123266040540756,1.0138115516047455,5.97350505682421,1.0138115516047455,405.0048162741116,676.8071954446384,Test
2022-03-01,1183.2319,7.076849937438965,6.786278250280002,0.29057168715896253,-0.08846265176025504,0.37903433891921756,1.019745785659971,-1.6865992143417543,2.7063450000017255,-0.6269003777406764,1.005934716659894,-0.7153630295009314,1.005934716659894,6.070915220779071,1.005934716659894,446.54414738816035,736.6877862055896,Test
2022-04-01,845.16565,6.740715026855469,6.786724839681719,-0.046009812826250496,0.029369663806115387,-0.07537947663236588,-0.20279931322394507,-2.1250313966940477,1.9222320834701025,-0.7898633972850627,0.7144839206526968,-0.7604937334789473,0.7144839206526968,6.026231106202772,0.7144839206526967,426.98625117975877,418.17939823430373,Test
2022-05-01,1284.6517,7.159020900726318,6.787171429083436,0.3718494716428822,0.034471432367960464,0.3373780392749217,0.9076745782607041,-2.139291942405947,3.0469665206666514,-0.7951639698322087,1.1325420091071305,-0.7606925374642483,1.1325420091071305,6.026478891619188,1.13254200910713,427.0923130709801,857.5594203274575,Test
2022-06-01,1318.4584,7.184976577758789,6.787618018485153,0.39735855927363595,0.04580073395236813,0.35155782532126784,0.9458235678840513,-2.3388624783027767,3.284686046186828,-0.8693433263004019,1.2209011516216697,-0.8235425923480337,1.2209011516216697,5.96407542613712,1.2209011516216695,401.19433475118797,917.2640392722495,Test
2022-07-01,946.5855,6.853917121887207,6.78806460788687,0.06585251400033698,-5.354024247530085e-05,0.06590605424281228,0.17731222256859686,-2.0271374222676517,2.2044496448362487,-0.7534767032651706,0.8193827575079828,-0.7535302435076459,0.8193827575079828,6.034534364379224,0.8193827575079826,430.55472600106265,516.0307842528437,Test
2022-08-01,1115.6187,7.018060207366943,6.788511197288587,0.22954901007835637,0.14389487497505937,0.085654135103297,0.23044203209924094,-2.3219661158053455,2.5524081479045866,-0.8630630340163711,0.9487171691196681,-0.7191681590413117,0.9487171691196681,6.0693430382472755,0.9487171691196679,445.8410791180738,669.7775732256762,Test
2022-09-01,405.6795,6.008025169372559,6.788957786690304,-0.7809326173177453,0.10124182479397889,-0.8821744421117242,-2.3733830347020204,-2.260510059186713,-0.1128729755153075,-0.8402201293232668,-0.041954312788457404,-0.7389783045292879,-0.041954312788457404,6.0499794821610156,-0.04195431278845696,437.27187965630225,-31.592375261770997,Test
2022-10-01,980.39215,6.888972282409668,6.789404376092021,0.09956790631764711,0.1428531830712614,-0.043285276753614293,-0.11645377217400635,-2.430605180875572,2.3141514087015658,-0.9034436237562397,0.8601583470026254,-0.7605904406849783,0.8601583470026254,6.028813935407043,0.8601583470026251,428.09309534773945,552.2990555311668,Test
2022-11-01,1250.8452,7.132373809814453,6.789850965493738,0.34252284432071534,-0.048606265674937935,0.39112910999565326,1.0522852961140514,-2.4700787243414304,3.522364020455482,-0.9181157397510092,1.3092448497466624,-0.9667220054259472,1.3092448497466624,5.82312896006779,1.3092448497466629,348.32018093856266,902.5250339051873,Test
2022-12-01,777.5524,6.657436370849609,6.790297554895455,-0.13286118404584535,-0.028315467159396427,-0.10454571688644893,-0.281267535041141,-2.548360328672122,2.2670927936309813,-0.9472126152314178,0.8426668983449688,-0.9755280823908142,0.8426668983449689,5.814769472504641,0.8426668983449686,345.41221471846217,432.1402144807566,Test
2023-01-01,709.93915,6.566586971282959,6.790744144297172,-0.22415717301421267,-0.21519251081526383,-0.008964662198948842,-0.024118333244713356,-2.8898751291388534,2.86575679589414,-1.074151935252495,1.0651872730535463,-1.289344446067759,1.0651872730535463,5.501399698229413,1.0651872730535459,252.2202500773048,457.71889787191395,Test
2023-02-01,777.5524,6.657436370849609,6.791190733698889,-0.13375436284927922,-0.12697634581135223,-0.006778017037926992,-0.01823543040787821,-2.806292833950683,2.788057403542805,-1.0430848198522626,1.0363068028143356,-1.1700611656636148,1.0363068028143356,5.621129568035274,1.0363068028143356,284.42792160360636,493.1245075956124,Test
2023-03-01,1014.1988,6.922839641571045,6.7916373231006055,0.1312023184704394,-0.08846265176025504,0.21966497023069442,0.5909818838277198,-2.8240260771135386,3.4150079609412582,-1.0496761764370575,1.269341146667752,-1.1381388281973126,1.269341146667752,5.6534984949032925,1.2693411466677524,293.81807180550754,720.3807196983987,Test
2023-04-01,1555.1049,7.349941253662109,6.7920839125023225,0.5578573411597869,0.029369663806115387,0.5284876773536715,1.4218318142132553,-2.482821969254596,3.904653783467851,-0.9228523392832362,1.4513400166369077,-0.8934826754771208,1.4513400166369077,5.8986012370252014,1.451340016636908,375.70455349367586,1179.4003049047617,Test
2023-05-01,1453.6849,7.2825446128845215,6.792530501904039,0.4900141109804821,0.034471432367960464,0.4555426786125216,1.2255821676420167,-2.55556713190928,3.7811492995512967,-0.9498913474597143,1.405434026072236,-0.9154199150917538,1.405434026072236,5.877110586812286,1.4054340260722356,367.695298007534,1085.9896385159036,Test
2023-06-01,1183.2319,7.076849937438965,6.792977091305756,0.2838728461332085,0.04580073395236813,0.23807211218084037,0.6405040603229389,-2.49026159249296,3.130765652815899,-0.9256176095256979,1.1636897217065383,-0.8798168755733298,1.1636897217065383,5.913160215732427,1.1636897217065378,381.229105400258,802.002828193492,Test
2023-07-01,1453.6849,7.2825446128845215,6.793423680707474,0.48912093217704733,-5.354024247530085e-05,0.4891744724195226,1.3160644181332677,-3.1139171331461473,4.429981551279415,-1.1574272123590164,1.646601684778539,-1.1574807526014916,1.646601684778539,5.635942928105982,1.6466016847785392,288.6875399180962,1164.9973966053412,Test
2023-08-01,1081.812,6.987316608428955,6.793870270109191,0.193446338319764,0.14389487497505937,0.049551463344704616,0.1333121850203033,-3.0124568613908695,3.1457690464111727,-1.1197149437013558,1.1692664070460603,-0.9758200687262965,1.1692664070460603,5.818050201382895,1.1692664070460603,346.55056556429275,735.2614461544572,Test
2023-09-01,1453.6849,7.2825446128845215,6.794316859510908,0.48822775337361346,0.10124182479397889,0.38698592857963454,1.0411385704631329,-3.1157988803385477,4.1569374508016805,-1.158126648250897,1.5451125768305314,-1.0568848234569181,1.5451125768305316,5.73743203605399,1.5451125768305314,319.63134381442046,1134.053592709017,Test
2023-10-01,1183.2319,7.076849937438965,6.794763448912625,0.2820864885263399,0.1428531830712614,0.13923330545507848,0.3745902729187395,-3.1088902042453306,3.48348047716407,-1.1555587283706448,1.2947920338257233,-1.0127055452993834,1.2947920338257233,5.782057903613241,1.2947920338257237,334.2638618357108,848.9680717580392,Test
2023-11-01,1115.6187,7.018060207366943,6.795210038314342,0.22285016905260147,-0.048606265674937935,0.2714564347275394,0.7303205194890966,-3.1597048363136166,3.890025355802713,-1.1744462695051845,1.445902704232724,-1.2230525351801225,1.445902704232724,5.572157503134219,1.445902704232724,270.7866731215779,844.8319792221721,Test
2023-12-01,1487.4916,7.305518627166748,6.795656627716059,0.5098619994506892,-0.028315467159396427,0.5381774666100857,1.4479010136064732,-3.2379985736721126,4.685899587278586,-1.2035476547705193,1.7417251213806049,-1.2318631219299156,1.7417251213806049,5.563793505786143,1.7417251213806049,268.52293027486587,1218.9686468735717,Test
2024-01-01,1284.6517,7.159020900726318,6.796103217117776,0.3629176836085426,-0.21519251081526383,0.5781101944238064,1.5553351606393286,-3.108929870154841,4.664265030794169,-1.1555734719881232,1.7336836664119297,-1.3707659828033871,1.7336836664119297,5.425337234314389,1.7336836664119293,233.67397248776192,1050.9777609106757,Test
2024-02-01,777.5524,6.657436370849609,6.796549806519493,-0.13911343566988332,-0.12697634581135223,-0.012137089858531097,-0.0326533639899346,-3.265968566150792,3.2333152021608575,-1.2139439591807115,1.2018068693221804,-1.3409203049920637,1.2018068693221804,5.455629501527429,1.20180686932218,240.8915455885879,536.6608836106309,Test
2024-03-01,1250.8452,7.132373809814453,6.79699639592121,0.3353774138932435,-0.08846265176025504,0.4238400656534985,1.1402901435695934,-3.254880468216336,4.395170611785929,-1.2098225693896882,1.6336626350431867,-1.2982852211499434,1.6336626350431869,5.498711174771266,1.633662635043187,251.5403758333407,999.3048390104093,Test
2024-04-01,878.9723,6.779890537261963,6.797442985322927,-0.017552448060963677,0.029369663806115387,-0.046922111867079064,-0.12623823468648154,-3.6847470198869425,3.558508785200461,-1.3696017874332347,1.3226796755661556,-1.3402321236271193,1.3226796755661556,5.457210861695807,1.3226796755661558,241.27436585243086,637.6979241866317,Test
2024-05-01,1250.8452,7.132373809814453,6.7978895747246435,0.3344842350898096,0.034471432367960464,0.30001280272184916,0.8071479541721557,-3.7156856323509913,4.522833586523147,-1.3811015128425426,1.6811143155643917,-1.346630080474582,1.6811143155643917,5.451259494250062,1.6811143155643915,239.83678411026136,1011.0084307334887,Forecast
2024-06-01,,,6.79833616412636,,0.04580073395236813,,,0.0,,-1.3158198810372226e-17,,0.04580073395236812,,6.8441368980787285,,968.7098116870935,,Forecast
2024-07-01,,,6.798782753528077,,-5.354024247530085e-05,,,0.0,,-1.3158198810372226e-17,,-5.354024247531401e-05,,6.798729213285602,,925.6622749445586,,Forecast
2024-08-01,,,6.799229342929794,,0.14389487497505937,,,0.0,,-1.3158198810372226e-17,,0.14389487497505937,,6.943124217904853,,1069.6103478238763,,Forecast
2024-09-01,,,6.799675932331511,,0.10124182479397889,,,0.0,,-1.3158198810372226e-17,,0.10124182479397888,,6.90091775712549,,1025.3639835121367,,Forecast
2024-10-01,,,6.800122521733228,,0.1428531830712614,,,0.0,,-1.3158198810372226e-17,,0.1428531830712614,,6.94297570480449,,1069.451359968022,,Forecast
2024-11-01,,,6.800569111134945,,-0.048606265674937935,,,0.0,,-1.3158198810372226e-17,,-0.04860626567493795,,6.751962845460008,,883.3233806082446,,Forecast
2024-12-01,,,6.801015700536662,,-0.028315467159396427,,,0.0,,-1.3158198810372226e-17,,-0.02831546715939644,,6.7727002333772655,,901.8534057070873,,Forecast
2025-01-01,,,6.801462289938379,,-0.21519251081526383,,,0.0,,-1.3158198810372226e-17,,-0.21519251081526383,,6.586269779123115,,748.2927372232518,,Forecast
2025-02-01,,,6.801908879340096,,-0.12697634581135223,,,0.0,,-1.3158198810372226e-17,,-0.12697634581135223,,6.674932533528744,,817.7612268019925,,Forecast
2025-03-01,,,6.802355468741813,,-0.08846265176025504,,,0.0,,-1.3158198810372226e-17,,-0.08846265176025506,,6.7138928169815575,,850.2899458171788,,Forecast
2025-04-01,,,6.802802058143531,,0.029369663806115387,,,0.0,,-1.3158198810372226e-17,,0.029369663806115373,,6.832171721949646,,957.176201436057,,Forecast
2025-05-01,,,6.803248647545248,,0.034471432367960464,,,0.0,,-1.3158198810372226e-17,,0.03447143236796045,,6.837720079913208,,962.5072816884633,,Forecast
2025-06-01,,,6.8036952369469645,,0.04580073395236813,,,0.0,,-1.3158198810372226e-17,,0.04580073395236812,,6.849495970899333,,973.9205069597073,,Forecast
2025-07-01,,,6.8041418263486815,,-5.354024247530085e-05,,,0.0,,-1.3158198810372226e-17,,-5.354024247531401e-05,,6.804088286106206,,930.6416560719521,,Forecast
2025-08-01,,,6.804588415750398,,0.14389487497505937,,,0.0,,-1.3158198810372226e-17,,0.14389487497505937,,6.9484832907254575,,1075.3632279236574,,Forecast
2025-09-01,,,6.805035005152115,,0.10124182479397889,,,0.0,,-1.3158198810372226e-17,,0.10124182479397888,,6.906276829946094,,1030.8791076167008,,Forecast
2025-10-01,,,6.805481594553832,,0.1428531830712614,,,0.0,,-1.3158198810372226e-17,,0.1428531830712614,,6.948334777625094,,1075.2033857531833,,Forecast
2025-11-01,,,6.805928183955549,,-0.048606265674937935,,,0.0,,-1.3158198810372226e-17,,-0.04860626567493795,,6.757321918280612,,888.0752554508641,,Forecast
2025-12-01,,,6.806374773357266,,-0.028315467159396427,,,0.0,,-1.3158198810372226e-17,,-0.02831546715939644,,6.77805930619787,,906.7048508675691,,Forecast
2026-01-01,,,6.806821362758983,,-0.21519251081526383,,,0.0,,-1.3158198810372226e-17,,-0.21519251081526383,,6.591628851943719,,752.3190305293494,,Forecast
2026-02-01,,,6.8072679521607,,-0.12697634581135223,,,0.0,,-1.3158198810372226e-17,,-0.12697634581135223,,6.680291606349348,,822.160806142614,,Forecast
2026-03-01,,,6.807714541562417,,-0.08846265176025504,,,0.0,,-1.3158198810372226e-17,,-0.08846265176025506,,6.719251889802162,,854.8643168742024,,Forecast
2026-04-01,,,6.808161130964134,,0.029369663806115387,,,0.0,,-1.3158198810372226e-17,,0.029369663806115373,,6.837530794770249,,962.3249213345043,,Forecast
2026-05-01,,,6.808607720365851,,0.034471432367960464,,,0.0,,-1.3158198810372226e-17,,0.03447143236796045,,6.843079152733811,,967.684647924541,,Forecast
2026-06-01,,,6.809054309767568,,0.04580073395236813,,,0.0,,-1.3158198810372226e-17,,0.04580073395236812,,6.854855043719936,,979.159201686277,,Forecast
2026-07-01,,,6.809500899169285,,-5.354024247530085e-05,,,0.0,,-1.3158198810372226e-17,,-5.354024247531401e-05,,6.80944735892681,,935.6477936963795,,Forecast
2026-08-01,,,6.809947488571002,,0.14389487497505937,,,0.0,,-1.3158198810372226e-17,,0.14389487497505937,,6.953842363546061,,1081.1470208849746,,Forecast
2026-09-01,,,6.810394077972719,,0.10124182479397889,,,0.0,,-1.3158198810372226e-17,,0.10124182479397888,,6.911635902766697,,1036.423867010866,,Forecast
2026-10-01,,,6.8108406673744355,,0.1428531830712614,,,0.0,,-1.3158198810372226e-17,,0.1428531830712614,,6.953693850445697,,1080.9863198092569,,Forecast
2026-11-01,,,6.811287256776152,,-0.048606265674937935,,,0.0,,-1.3158198810372226e-17,,-0.04860626567493795,,6.762680991101215,,892.8526642949747,,Forecast
2026-12-01,,,6.811733846177869,,-0.028315467159396427,,,0.0,,-1.3158198810372226e-17,,-0.02831546715939644,,6.783418379018473,,911.5823650664969,,Forecast
2027-01-01,,,6.812180435579587,,-0.21519251081526383,,,0.0,,-1.3158198810372226e-17,,-0.21519251081526383,,6.596987924764323,,756.3669589547821,,Forecast
2027-02-01,,,6.812627024981304,,-0.12697634581135223,,,0.0,,-1.3158198810372226e-17,,-0.12697634581135223,,6.685650679169952,,826.584026439525,,Forecast
2027-03-01,,,6.813073614383021,,-0.08846265176025504,,,0.0,,-1.3158198810372226e-17,,-0.08846265176025506,,6.724610962622766,,859.4632681235213,,Forecast
