,DataOriginal,DataLog,Linear,DataLinear,MonthlyAverage,DataSeasons,DataNormalised,Purpose,ModelledNormalised,ResidualsNormalised,ModelledSeasons,ResidualsSeasons,ModelledLinear,ResidualsLinear,ModelledLog,ResidualsLog,ModelledOriginal,ResidualsOriginal
2010-04-01,5077.238,8.532719612121582,8.731039883679518,-0.19832027155793597,0.051745572962383884,-0.2500658445203199,-1.139858621779781,Train,-1.139858621779781,0.0,-0.2500658445203199,0.0,-0.198320271557936,2.7755575615628914e-17,8.532719612121582,0.0,5120.814548456307,-43.57675548755742
2010-05-01,5315.7656,8.578620910644531,8.724100754232346,-0.14547984358781463,0.0454029861687791,-0.19088282975659374,-0.8700885947264798,Train,-0.8700885947264798,0.0,-0.19088282975659374,0.0,-0.14547984358781463,0.0,8.578620910644531,0.0,5361.391649258233,-45.626024258232974
2010-06-01,4986.3696,8.514663696289062,8.717161624785174,-0.20249792849611126,0.008284852347586616,-0.21078278084369786,-0.960797227339393,Train,-0.960797227339393,0.0,-0.21078278084369786,0.0,-0.20249792849611126,0.0,8.514663696289062,0.0,5029.165390710324,-42.79576180407366
2010-07-01,5758.746,8.658648490905762,8.710222495338,-0.05157400443223814,0.105324429131593,-0.15689843356383115,-0.7151797662912848,Train,-0.7151797662912848,0.0,-0.15689843356383115,0.0,-0.051574004432238155,1.3877787807814457e-17,8.658648490905762,0.0,5808.169741659231,-49.42364790923057
2010-08-01,5452.0674,8.603933334350586,8.703283365890828,-0.0993500315402418,0.02354970071608066,-0.12289973225632246,-0.560205731796421,Train,-0.560205731796421,0.0,-0.12289973225632246,0.0,-0.0993500315402418,0.0,8.603933334350586,0.0,5498.859258181863,-46.79187536936297
2010-09-01,5281.69,8.572190284729004,8.696344236443656,-0.12415395171465171,-0.0670402154033809,-0.05711373631127081,-0.2603377717630244,Train,-0.2603377717630244,0.0,-0.05711373631127081,0.0,-0.12415395171465171,0.0,8.572190284729004,0.0,5327.0187526209,-45.32881121465016
2010-10-01,6065.425,8.710524559020996,8.689405106996483,0.021119452024512597,0.13783556813467257,-0.11671611611015997,-0.5320193627562971,Train,-0.5320193627562971,0.0,-0.11671611611015999,1.3877787807814457e-17,0.021119452024512583,1.3877787807814457e-17,8.710524559020996,0.0,6117.48016823816,-52.05536355066033
2010-11-01,5929.123,8.687800407409668,8.682465977549311,0.005334429860356593,0.18038203553350485,-0.17504760567314825,-0.7979079387318405,Train,-0.7979079387318405,0.0,-0.17504760567314825,0.0,0.005334429860356593,0.0,8.687800407409668,0.0,5980.010750774582,-50.88770389958245
2010-12-01,6042.708,8.706772804260254,8.67552684810214,0.03124595615811465,0.30760548390462783,-0.2763595277465132,-1.259711381284838,Train,-1.259711381284838,0.0,-0.2763595277465132,0.0,0.03124595615811465,0.0,8.706772804260254,0.0,6094.568138172567,-51.86013036006716
2011-01-01,6235.802,8.7382230758667,8.668587718654965,0.06963535721173386,0.1793647360706121,-0.10972937885887823,-0.5001721798302965,Train,-0.5001721798302965,0.0,-0.10972937885887823,0.0,0.06963535721173386,0.0,8.7382230758667,0.0,6289.321888250797,-53.5201304382972
2011-02-01,5508.8594,8.614294052124023,8.661648589207793,-0.0473545370837698,0.0974195118800889,-0.1447740489638587,-0.6599139848065623,Train,-0.6599139848065623,0.0,-0.1447740489638587,0.0,-0.0473545370837698,0.0,8.614294052124023,0.0,5556.137959601012,-47.27858460101197
2011-03-01,5849.614,8.674302101135254,8.654709459760621,0.01959264137463279,0.12094685238683134,-0.10135421101219855,-0.4619962054296225,Train,-0.4619962054296225,0.0,-0.10135421101219855,0.0,0.01959264137463279,0.0,8.674302101135254,0.0,5899.819675271554,-50.20590574030393
2011-04-01,5849.614,8.674302101135254,8.647770330313449,0.026531770821804912,0.051745572962383884,-0.025213802140578973,-0.11493040888058213,Train,-0.11493040888058213,0.0,-0.025213802140578973,0.0,0.026531770821804912,0.0,8.674302101135254,0.0,5899.819675271554,-50.20590574030393
2011-05-01,6167.651,8.727235794067383,8.640831200866277,0.08640459320110594,0.0454029861687791,0.04100160703232684,0.18689491710582876,Train,0.18689491710582876,0.0,0.04100160703232684,0.0,0.08640459320110594,0.0,8.727235794067383,0.0,6220.58664726451,-52.93576835826025
2011-06-01,6542.4805,8.786224365234375,8.633892071419105,0.15233229381527025,0.008284852347586616,0.14404744146768364,0.6566019378504747,Train,0.6566019378504747,0.0,0.14404744146768364,0.0,0.15233229381527025,0.0,8.786224365234375,0.0,6598.629647041602,-56.14917829160186
2011-07-01,6565.1978,8.789690017700195,8.62695294197193,0.16273707572826446,0.105324429131593,0.05741264659667146,0.2617002747734061,Train,0.2617002747734061,0.0,0.05741264659667146,0.0,0.16273707572826446,0.0,8.789690017700195,0.0,6621.54134886712,-56.34359496087018
2011-08-01,5258.973,8.56788158416748,8.620013812524759,-0.052132228357278265,0.02354970071608066,-0.07568192907335893,-0.3449759383680412,Train,-0.3449759383680412,0.0,-0.07568192907335893,0.0,-0.052132228357278265,0.0,8.56788158416748,0.0,5304.111301343301,-45.13815681205142
2011-09-01,4815.9927,8.479905128479004,8.613074683077587,-0.1331695545985827,-0.0670402154033809,-0.06612933919520181,-0.301432998892119,Train,-0.301432998892119,0.0,-0.06612933919520181,0.0,-0.1331695545985827,0.0,8.479905128479004,0.0,4857.3277610686955,-41.33508528744551
2011-10-01,5792.8213,8.664546966552734,8.606135553630414,0.05841141292231988,0.13783556813467257,-0.07942415521235269,-0.36203388059667324,Train,-0.36203388059667324,0.0,-0.07942415521235269,0.0,0.05841141292231988,0.0,8.664546966552734,0.0,5842.53624325598,-49.71495419347957
2011-11-01,6065.425,8.710524559020996,8.599196424183242,0.11132813483775372,0.18038203553350485,-0.06905390069575112,-0.3147638344075445,Train,-0.3147638344075445,0.0,-0.06905390069575112,0.0,0.11132813483775372,0.0,8.710524559020996,0.0,6117.48016823816,-52.05536355066033
2011-12-01,6940.0273,8.845205307006836,8.59225729473607,0.2529480122707657,0.30760548390462783,-0.05465747163386214,-0.24914154272467648,Train,-0.24914154272467648,0.0,-0.05465747163386214,0.0,0.2529480122707657,0.0,8.845205307006836,0.0,6999.590307522087,-59.56296377208673
2012-01-01,5645.161,8.638731002807617,8.585318165288896,0.053412837518720835,0.1793647360706121,-0.12595189855189126,-0.5741182198204584,Train,-0.5741182198204584,0.0,-0.12595189855189126,0.0,0.053412837518720835,0.0,8.638731002807617,0.0,5693.610327532046,-48.44919471954563
2012-02-01,5486.1426,8.610162734985352,8.578379035841724,0.03178369914362733,0.0974195118800889,-0.06563581273646157,-0.2991833898335505,Train,-0.2991833898335505,0.0,-0.06563581273646157,0.0,0.03178369914362733,0.0,8.610162734985352,0.0,5533.227019073747,-47.084440948747215
2012-03-01,6508.4053,8.78100299835205,8.571439906394552,0.20956309195749867,0.12094685238683134,0.08861623957066733,0.40393355157353317,Train,0.40393355157353317,0.0,0.08861623957066733,0.0,0.20956309195749867,0.0,8.78100299835205,0.0,6564.260364766226,-55.8550913287263
2012-04-01,5474.784,8.6080904006958,8.56450077694738,0.04358962374842079,0.051745572962383884,-0.008155949213963093,-0.03717672458694547,Train,-0.21597814559936523,0.17880142101241975,-0.04738197908518543,0.03922602987122234,0.004363593877198452,0.03922602987122234,8.568864370824578,0.039226029871223034,5309.327656807092,165.45652288040765
2012-05-01,5111.313,8.539406776428223,8.557561647500208,-0.018154871071985212,0.0454029861687791,-0.06355785724076432,-0.28971158255019824,Train,-0.2495032250881195,-0.040208357462078737,-0.05473681867211261,-0.008821038568651712,-0.009333832503333507,-0.008821038568651705,8.548227814996874,-0.008821038568651574,5200.863793184108,-89.55080490285764
2012-06-01,5168.1055,8.550455093383789,8.550622518053036,-0.0001674246692466852,0.008284852347586616,-0.008452277016833301,-0.03852745603778629,Train,-0.24213603138923645,0.20360857535145016,-0.053120580062468704,0.044668303045635405,-0.04483572771488209,0.044668303045635405,8.505786790338153,0.04466830304563629,4984.710687645388,183.39478110461187
2012-07-01,5838.2554,8.672358512878418,8.543683388605862,0.12867512427255612,0.105324429131593,0.02335069514096312,0.10643793130578953,Train,-0.22066240012645721,0.32710033143224676,-0.04840962588443182,0.07176032102539494,0.05691480324716118,0.07176032102539494,8.600598191853024,0.07176032102539409,5480.546997812387,357.7083732813626
2012-08-01,4770.5586,8.470428466796875,8.53674425915869,-0.06631579236181473,0.02354970071608066,-0.08986549307789539,-0.40962794132009783,Train,-0.2141445130109787,-0.19548342830911913,-0.046979710880169875,-0.042885782197725514,-0.023430010164089216,-0.042885782197725514,8.5133142489946,-0.04288578219772532,5022.382025559388,-251.82343180938824
2012-09-01,4702.408,8.456042289733887,8.529805129711518,-0.07376283997763089,-0.0670402154033809,-0.006722624574249991,-0.030643295555402468,Train,-0.15279874205589294,0.12215544650049048,-0.033521478667405694,0.026798854093155702,-0.10056169407078659,0.026798854093155702,8.42924343564073,0.02679885409315652,4617.327394773999,85.080808351001
2012-10-01,5781.463,8.662585258483887,8.522866000264345,0.13971925821954123,0.13783556813467257,0.001883690084868661,0.008586300092750805,Train,-0.100868821144104,0.1094551212368548,-0.02212892587133729,0.024012615956205952,0.11570664226333528,0.02401261595620595,8.63857264252768,0.024012615956205963,5692.708598847336,88.75429177766364
2012-11-01,6474.33,8.775754928588867,8.515926870817173,0.2598280577716938,0.18038203553350485,0.07944602223818897,0.36213355561618654,Train,0.039604783058166504,0.32252877255802004,0.008688624477850257,0.07075739776033872,0.1890706600113551,0.07075739776033871,8.704997530828528,0.07075739776033885,6083.7564377073995,390.5736404176005
2012-12-01,6894.5933,8.838638305664062,8.508987741370001,0.32965056429406125,0.30760548390462783,0.022045080389433425,0.10048663382208595,Train,0.08404345065355301,0.016443183168532938,0.018437722067029202,0.003607358322404223,0.32604320597165704,0.0036073583224042194,8.835030947341659,0.0036073583224034422,6928.724900252483,-34.13163853373317
2013-01-01,6076.783,8.712395668029785,8.502048611922827,0.2103470561069578,0.1793647360706121,0.030982320036345712,0.14122466298391043,Train,-0.05855146050453186,0.1997761234884423,-0.012845207413619645,0.043827527449965355,0.16651952865699246,0.04382752744996535,8.66856814057982,0.043827527449964876,5866.081427338228,210.70177578677158
2013-02-01,5713.312,8.650729179382324,8.495109482475655,0.155619696906669,0.0974195118800889,0.05820018502658009,0.26529005918013393,Train,-0.0594957172870636,0.32478577646719753,-0.013052361498570243,0.07125254652515033,0.08436715038151867,0.07125254652515033,8.579476632857174,0.0712525465251499,5365.9823307993465,347.3296809194035
2013-03-01,5327.124,8.580754280090332,8.488170353028483,0.09258392706184893,0.12094685238683134,-0.028362925324982413,-0.1292848490868182,Train,-0.05757111310958862,-0.07171373597722958,-0.01263013565423163,-0.015732789670750785,0.10831671673259971,-0.015732789670750785,8.596487069761082,-0.01573278967074998,5458.057948140681,-130.93392470318122
2013-04-01,5156.747,8.54825496673584,8.481231223581311,0.06702374315452886,0.051745572962383884,0.015278170192144974,0.06964147403633204,Train,-0.11531469225883484,0.18495616629516687,-0.025298107462030015,0.040576277654174986,0.02644746550035387,0.040576277654174986,8.507678689081665,0.04057627765417493,4994.152075689834,162.59499462266558
2013-05-01,4577.465,8.429119110107422,8.474292094134139,-0.04517298402671699,0.0454029861687791,-0.0905759701954961,-0.4128664622369702,Train,-0.5268377661705017,0.1139713039335315,-0.11557936081311501,0.025003390617618915,-0.0701763746443359,0.025003390617618915,8.404115719489804,0.025003390617618138,4502.725249928686,74.73959382131397
2013-06-01,4509.314,8.414121627807617,8.467352964686967,-0.053231336879349556,0.008284852347586616,-0.06151618922693617,-0.2804051820985968,Train,-0.6311611533164978,0.35075597121790103,-0.13846616046652319,0.07694997123958702,-0.13018130811893658,0.07694997123958702,8.33717165656803,0.07694997123958736,4211.097847729774,298.216117113976
2013-07-01,4895.502,8.496275901794434,8.460413835239793,0.03586206655464075,0.105324429131593,-0.06946236257695225,-0.3166256992209843,Train,-0.5980044603347778,0.2813787611137935,-0.13119213869439444,0.061729776117442195,-0.025867709562801447,0.061729776117442195,8.434546125676992,0.061729776117442015,4641.881998624482,253.61995450051836
2013-08-01,3952.7488,8.282419204711914,8.45347470579262,-0.17105550108070666,0.02354970071608066,-0.1946052017967873,-0.8870560373279498,Train,-0.7234291434288025,-0.1636268938991473,-0.15870820840892466,-0.03589699338786265,-0.135158507692844,-0.035896993387862675,8.318316198099776,-0.0358969933878619,4132.420887750101,-179.67210845322643
2013-09-01,3850.5225,8.256223678588867,8.446535576345449,-0.19031189775658142,-0.0670402154033809,-0.12327168235320052,-0.5619011673550497,Train,-0.7347360849380493,0.17283491758299963,-0.1611887615436957,0.037917079190495195,-0.2282289769470766,0.037917079190495195,8.218306599398373,0.03791707919049436,3739.0379840475657,111.48447688993429
2013-10-01,4554.748,8.424144744873047,8.439596446898276,-0.015451702025229608,0.13783556813467257,-0.15328727015990218,-0.69871923867097,Train,-0.7675377726554871,0.0688185339845171,-0.16838490112102797,0.01509763096112579,-0.0305493329863554,0.01509763096112579,8.409047113911921,0.01509763096112593,4524.98974789528,29.758298979720166
2013-11-01,4554.748,8.424144744873047,8.432657317451104,-0.008512572578057487,0.18038203553350485,-0.18889460811156233,-0.8610258153275361,Train,-0.8389232158660889,-0.022102599461447214,-0.18404566887049126,-0.004848939241071076,-0.0036636333369864105,-0.004848939241071076,8.428993684114118,-0.004848939241071548,4616.174104480761,-61.42605760576134
2013-12-01,5156.747,8.54825496673584,8.425718188003932,0.1225367787319076,0.30760548390462783,-0.18506870517272023,-0.8435864546691579,Train,-0.9281842112541199,0.08459775658496194,-0.20362803265485255,0.01855932748213232,0.10397745124977528,0.01855932748213232,8.529695639253708,0.01855932748213185,5105.349714631172,51.39735568132801
2014-01-01,4123.126,8.324609756469727,8.418779058556758,-0.09416930208703178,0.1793647360706121,-0.2735340381576439,-1.246832138720546,Train,-1.028501272201538,-0.21833086651900802,-0.22563591160254462,-0.04789812655509926,-0.046271175531932524,-0.04789812655509926,8.372507883024825,-0.04789812655509884,4362.598457128646,-239.47248056614626
2014-02-01,3986.8242,8.291001319885254,8.411839929109586,-0.12083860922433232,0.0974195118800889,-0.21825812110442122,-0.9948715770902269,Train,-1.1624099016189575,0.16753832452873063,-0.25501321670336524,0.03675509559894402,-0.15759370482327634,0.03675509559894402,8.25424622428631,0.0367550955989433,3875.8981670336607,110.92605171633932
2014-03-01,3805.0886,8.244357109069824,8.404900799662414,-0.16054369059258988,0.12094685238683134,-0.2814905429794212,-1.2830997491082508,Train,-1.2982269525527954,0.015127203444544657,-0.28480919744437955,0.003318654464958326,-0.1638623450575482,0.003318654464958326,8.241038454604865,0.0033186544649588257,3825.0296582176675,-19.941035170792475
2014-04-01,3282.5989,8.096694946289062,8.397961670215242,-0.3012667239261795,0.051745572962383884,-0.3530122968885634,-1.6091126358122683,Train,-1.4539809226989746,-0.15513171311329366,-0.31897900353943914,-0.03403329334912425,-0.2672334305770553,-0.034033293349124194,8.130728239638186,-0.03403329334912364,3425.4248773239683,-142.8260003708433
2014-05-01,3203.0896,8.072183609008789,8.39102254076807,-0.3188389317592808,0.0454029861687791,-0.3642419179280599,-1.6602998756600098,Train,-1.6478829383850098,-0.01241693727500004,-0.3615178503580129,-0.0027240675700469508,-0.31611486418923385,-0.0027240675700469508,8.074907676578835,-0.0027240675700461736,3239.4002130355075,-36.31061342613248
2014-06-01,2975.92,7.9986443519592285,8.384083411320898,-0.3854390593616692,0.008284852347586616,-0.39372391170925586,-1.7946857005743093,Train,-1.8559281826019287,0.061242482027619394,-0.40715948406545277,0.013435572356196912,-0.39887463171786613,0.013435572356196912,7.985208779603032,0.013435572356196523,2961.3946591670588,14.525262707941238
2014-07-01,3214.448,8.075721740722656,8.377144281873724,-0.3014225411510676,0.105324429131593,-0.4067469702826606,-1.8540478482731018,Train,-1.7427780628204346,-0.11126978545266719,-0.38233624746392164,-0.02441072281873896,-0.27701181833232863,-0.02441072281873896,8.100132463541396,-0.024410722818739572,3322.1782581701445,-107.73026012326955
2014-08-01,2987.2786,8.002452850341797,8.370205152426552,-0.36775230208475485,0.02354970071608066,-0.3913020028008355,-1.7836460731684807,Train,-1.5719494819641113,-0.21169659120436934,-0.3448593248668512,-0.04644267793398427,-0.3213096241507706,-0.04644267793398427,8.04889552827578,-0.04644267793398349,3156.1972771138626,-168.91871266073758
2014-09-01,3623.353,8.195430755615234,8.36326602297938,-0.16783526736414522,-0.0670402154033809,-0.10079505196076433,-0.4594474276589274,Train,-0.49969539046287537,0.04024796280394799,-0.10962477927648766,0.008829727315723332,-0.17666499467986857,0.008829727315723346,8.186601028299512,0.008829727315722735,3622.3180572959964,1.0349700477536317
2014-10-01,4327.5786,8.372994422912598,8.356326893532207,0.016667529380390178,0.13783556813467257,-0.12116803875428239,-0.552312267687531,Train,-0.40116092562675476,-0.1511513420607763,-0.08800797198758978,-0.033160066766692614,0.04982759614708279,-0.033160066766692614,8.40615448967929,-0.03316006676669225,4511.916677130021,-184.33806384877062
2014-11-01,4123.126,8.324609756469727,8.349387764085035,-0.024778007615308795,0.18038203553350485,-0.20516004314881364,-0.9351674734967039,Train,-0.3782980442047119,-0.556869429291992,-0.0829922396487457,-0.12216780350006794,0.09738979588475914,-0.12216780350006794,8.446777559969794,-0.1221678035000675,4699.019831187651,-575.8938546251511
2014-12-01,5622.4443,8.634699821472168,8.342448634637863,0.29225118683430473,0.30760548390462783,-0.015354297070323097,-0.06998847815681465,Train,-0.380019873380661,0.3100313952238464,-0.08336998006214114,0.06801568299181804,0.2242355038424867,0.06801568299181804,8.56668413848035,0.0680156829918186,5297.762520614423,324.681815323077
2015-01-01,5247.6147,8.565719604492188,8.33550950519069,0.23021009930149816,0.1793647360706121,0.050845363230886065,0.23176506078798262,Train,-0.37576207518577576,0.6075271359737584,-0.08243589062240114,0.1332812538532872,0.09692884544821095,0.1332812538532872,8.4324383506389,0.13328125385328704,4632.106154102782,615.508591990968
2015-02-01,3680.1455,8.210979461669922,8.328570375743517,-0.11759091407359534,0.0974195118800889,-0.21501042595368425,-0.9800678228007077,Train,-0.41234490275382996,-0.5677229200468777,-0.09046154880136267,-0.12454887715232157,0.006957963078726231,-0.12454887715232157,8.335528338822243,-0.12454887715232132,4204.181716846329,-524.0362090338294
2015-03-01,4350.2954,8.378229141235352,8.321631246296345,0.056597894939006466,0.12094685238683134,-0.06434895744782487,-0.2933176023704559,Train,-0.4523868262767792,0.15906922390632328,-0.09924607455803049,0.034897117110205614,0.021700777828800852,0.034897117110205614,8.343332024125147,0.034897117110205045,4237.1260078606665,113.1694022955835
2015-04-01,4191.277,8.340999603271484,8.314692116849173,0.0263074864223114,0.051745572962383884,-0.025438086540072485,-0.11595274964440687,Train,-0.44519057869911194,0.32923782905470506,-0.09766733865736514,0.07222925211729266,-0.045921765694981256,0.07222925211729266,8.268770351154192,0.07222925211729248,3932.6176311331014,258.65922433564856
2015-05-01,4043.6165,8.305142402648926,8.307752987402,-0.0026105847530750736,0.0454029861687791,-0.048013570921854175,-0.21885708895067962,Train,-0.4760153591632843,0.2571582702126047,-0.10442977797364723,0.05641620705179306,-0.05902679180486813,0.05641620705179306,8.248726195597133,0.056416207051793066,3854.556535327467,189.05991975065808
2015-06-01,3464.3345,8.150564193725586,8.300813857954829,-0.1502496642292428,0.008284852347586616,-0.1585345165768294,-0.7226374154232195,Train,-0.5179768800735474,-0.2046605353496721,-0.11363543116895136,-0.04489908540787804,-0.10535057882136474,-0.044899085407878056,8.195463279133463,-0.04489908540787724,3654.571518806767,-190.23704615051702
2015-07-01,3680.1455,8.210979461669922,8.293874728507655,-0.08289526683773296,0.105324429131593,-0.18821969596932597,-0.8579494078887366,Train,-0.5016312599182129,-0.35631814797052375,-0.11004947653365645,-0.07817021943566953,-0.004725047402063448,-0.07817021943566951,8.289149681105592,-0.07817021943566971,4013.6045493868314,-333.4590415743314
2015-08-01,3793.7302,8.241368293762207,8.286935599060483,-0.045567305298275684,0.02354970071608066,-0.06911700601435634,-0.3150514832131233,Train,-0.40115541219711304,0.08610392898398972,-0.0880067624336914,0.01888975641933506,-0.06445706171761074,0.01888975641933506,8.222478537342871,0.018889756419335768,3754.673783541175,39.0564410682
2015-09-01,3384.8252,8.127352714538574,8.27999646961331,-0.15264375507473638,-0.0670402154033809,-0.08560353967135548,-0.3902009606167276,Train,-0.18466949462890625,-0.20553146598782135,-0.04051338670353097,-0.04509015296782451,-0.10755360210691187,-0.04509015296782451,8.1724428675064,-0.04509015296782515,3571.3799832478103,-186.5547879353103
2015-10-01,4622.899,8.438993453979492,8.273057340166138,0.16593611381335371,0.13783556813467257,0.028100545678681144,0.128088861275729,Train,0.1039729118347168,0.024115949441012197,0.0228099112542471,0.005290634424434042,0.16064547938891968,0.005290634424434032,8.433702819555059,0.005290634424433449,4637.968278275736,-15.069352494486338
2015-11-01,5474.784,8.6080904006958,8.266118210718966,0.34197218997683443,0.18038203553350485,0.16159015444332958,0.7365657276797299,Train,0.34979701042175293,0.386768717257977,0.07673959134091482,0.08485056310241476,0.25712162687441964,0.08485056310241479,8.523239837593387,0.0848505631024139,5072.490314674058,402.293865013442
2015-12-01,5315.7656,8.578620910644531,8.259179081271792,0.3194418293727388,0.30760548390462783,0.011836345468110965,0.05395283173545921,Train,0.42607611417770386,-0.37212328244224463,0.09347394605431031,-0.08163760058619934,0.40107942995893814,-0.08163760058619934,8.660258511230731,-0.08163760058620007,5817.53015622137,-501.7645312213699
2016-01-01,4918.2188,8.50090503692627,8.25223995182462,0.2486650851016492,0.1793647360706121,0.0693003490310371,0.31588720357592437,Train,0.2732623219490051,0.04262488162691924,0.05994916563166853,0.009351183399368572,0.23931390170228062,0.009351183399368579,8.4915538535269,0.009351183399369134,4914.251989007346,3.9667609926536898
2016-02-01,4588.823,8.431596755981445,8.245300822377448,0.1862959336039971,0.0974195118800889,0.0888764217239082,0.4051195226971535,Train,-0.06503546237945557,0.4701549850766091,-0.014267688565003515,0.10314411028891171,0.08315182331508539,0.10314411028891171,8.328452645692533,0.10314411028891257,4174.532160744845,414.291081442655
2016-03-01,3759.6548,8.232348442077637,8.238361692930276,-0.0060132508526393735,0.12094685238683134,-0.1269601032394707,-0.5787138526541253,Train,-0.3796570301055908,-0.19905682254853452,-0.08329037833937022,-0.04366972490010049,0.037656474047461114,-0.04366972490010049,8.276018166977737,-0.04366972490010035,3961.231335414766,-201.5765502585159
2016-04-01,3771.0132,8.235363960266113,8.231422563483104,0.00394139678300931,0.051745572962383884,-0.047804176179374575,-0.2179026187269329,Train,-0.5137559771537781,0.2958533584268452,-0.11270943593313666,0.06490525975376209,-0.06096386297075278,0.06490525975376209,8.17045870051235,0.06490525975376293,3564.2988122309202,206.71437136282975
2016-05-01,3555.2021,8.176448822021484,8.224483434035932,-0.048034612014447475,0.0454029861687791,-0.09343759818322658,-0.42591043207778495,Train,-0.5858463048934937,0.1599358728157087,-0.1285248435139739,0.03508724533074731,-0.08312185734519478,0.03508724533074731,8.141361576690738,0.0350872453307467,3462.053605609635,93.14854282786519
2016-06-01,3282.5989,8.096694946289062,8.21754430458876,-0.12084935829969723,0.008284852347586616,-0.12913421064728384,-0.5886239428474692,Train,-0.5449134707450867,-0.04371047210238255,-0.11954486692358832,-0.00958934372369552,-0.1112600145760017,-0.009589343723695534,8.106284290012757,-0.00958934372369491,3342.6848860833425,-60.08600913021746
2016-07-01,3543.8438,8.173249244689941,8.210605175141586,-0.037355930451644426,0.105324429131593,-0.14268035958323744,-0.6503704587948121,Train,-0.421593576669693,-0.22877688212511915,-0.09249055258242121,-0.050189807000816225,0.012833876549171785,-0.05018980700081621,8.223439051690757,-0.05018980700081599,3758.282895120497,-214.43914512049696
2016-08-01,3816.447,8.247337341308594,8.203666045694414,0.04367129561418004,0.02354970071608066,0.02012159489809938,0.09171893695660191,Train,-0.25960659980773926,0.3513255367643412,-0.056953329459934754,0.07707492435803413,-0.033403628743854094,0.07707492435803413,8.17026241695056,0.07707492435803331,3563.5990713572724,252.84795012710265
2016-09-01,3259.8818,8.089753150939941,8.196726916247242,-0.10697376530730018,-0.0670402154033809,-0.039933549903919285,-0.1820264628444961,Train,-0.12337256968021393,-0.058653893164282184,-0.027065870484493403,-0.012867679419425883,-0.09410608588787431,-0.012867679419425876,8.102620830359367,-0.01286767941942557,3330.4578417262287,-70.57600578872871
2016-10-01,4179.9185,8.338286399841309,8.18978778680007,0.14849861304123912,0.13783556813467257,0.010663044906566554,0.04860465328437617,Train,-0.014385255053639412,0.06298990833801558,-0.0031558834445729396,0.013818928351139494,0.13467968469009964,0.013818928351139487,8.32446747149017,0.013818928351138737,4157.925050788764,21.993406242486344
2016-11-01,4918.2188,8.50090503692627,8.182848657352897,0.3180563795733722,0.18038203553350485,0.13767434403986734,0.6275518687997665,Train,0.1594471037387848,0.46810476506098175,0.034980017601219264,0.10269432643864806,0.21536205313472412,0.10269432643864806,8.398210710487621,0.10269432643864818,4476.209077951229,442.0096720487709
2016-12-01,5690.595,8.646745681762695,8.175909527905723,0.47083615385697186,0.30760548390462783,0.16323066995234403,0.7440435811654811,Train,0.3027467429637909,0.4412968382016902,0.06641755258806384,0.0968131173642802,0.37402303649269164,0.09681311736428022,8.549932564398414,0.096813117364281,5209.739230421129,480.8559844226211
2017-01-01,4452.5215,8.401450157165527,8.168970398458551,0.23247975870697601,0.1793647360706121,0.05311502263636392,0.24211069934090096,Train,0.29669737815856934,-0.05458667881766838,0.06509042351264638,-0.01197540087628246,0.24445515958325847,-0.01197540087628246,8.41342555804181,-0.011975400876282905,4544.849987886492,-92.32850351149227
2017-02-01,4463.88,8.403997421264648,8.16203126901138,0.24196615225326923,0.0974195118800889,0.14454664037318032,0.6588774032484179,Train,0.37147632241249084,0.2874010808359271,0.08149566841748998,0.06305097195569034,0.17891518029757889,0.06305097195569034,8.340946449308959,0.06305097195568976,4227.02769112263,236.85219168986987
2017-03-01,4759.2,8.468045234680176,8.155092139564207,0.3129530951159687,0.12094685238683134,0.19200624272913736,0.8752093738757852,Train,0.8706536293029785,0.004555744572806719,0.1910067888563062,0.000999453872831152,0.3119536412431375,0.0009994538728311797,8.467045780807345,0.0009994538728310687,4795.252812364818,-36.052617052318055
2017-04-01,4986.3696,8.514663696289062,8.148153010117035,0.36651068617202753,0.051745572962383884,0.3147651132096436,1.4347730247436759,Train,1.100961685180664,0.3338113395630118,0.24153250967154358,0.07323260353810004,0.29327808263392746,0.07323260353810007,8.441431092750962,0.07323260353810035,4673.958384033006,312.41124487324396
2017-05-01,4986.3696,8.514663696289062,8.141213880669863,0.37344981561919965,0.0454029861687791,0.3280468294504206,1.4953141946028485,Train,1.1243548393249512,0.37095935527789736,0.24666457494289384,0.08138225450752673,0.2920675611116729,0.08138225450752673,8.433281441781535,0.08138225450752756,4636.01393193916,350.3556969670899
2017-06-01,4202.6353,8.343705177307129,8.13427475122269,0.20943042608443818,0.008284852347586616,0.20114557373685157,0.9168685827390566,Train,1.0188076496124268,-0.10193906687337018,0.22350929355282328,-0.02236371981597171,0.2317941459004099,-0.02236371981597171,8.366068897123101,-0.022363719815972516,4334.591572913693,-131.9563190074432
2017-07-01,4770.5586,8.470428466796875,8.127335621775517,0.3430928450213582,0.105324429131593,0.23776841588976516,1.0838040651203238,Train,0.921120285987854,0.16268377913246979,0.202078326047748,0.03569008984201716,0.307402755179341,0.03569008984201716,8.434738376954858,0.03569008984201716,4642.774684428943,127.78390932105685
2017-08-01,4441.163,8.398897171020508,8.120396492328345,0.2785006786921631,0.02354970071608066,0.25495097797608246,1.1621262029393638,Train,1.1542701721191406,0.007856030820223125,0.253227496709108,0.0017234812669744692,0.27677719742518864,0.0017234812669744692,8.397173689753533,0.0017234812669748578,4471.568525896769,-30.405439959268733
2017-09-01,5043.162,8.525986671447754,8.113457362881173,0.4125293085665813,-0.0670402154033809,0.4795695239699622,2.1859900846857467,Train,2.169865608215332,0.016124476470414706,0.4760320845463551,0.003537439423607125,0.4089918691429742,0.003537439423607125,8.522449232024147,0.0035374394236065143,5068.480770168752,-25.318660793752315
2017-10-01,5849.614,8.674302101135254,8.106518233434,0.5677838677012534,0.13783556813467257,0.42994829956658087,1.9598049350586153,Train,1.3005032539367676,0.6593016811218477,0.28530857975117563,0.14463971981540524,0.4231441478858482,0.14463971981540524,8.529662381319849,0.14463971981540524,5105.179890814111,744.4338787171391
2017-11-01,5111.313,8.539406776428223,8.099579103986828,0.4398276724413943,0.18038203553350485,0.25944563690788947,1.182613909867942,Train,1.1272547245025635,0.05535918536537854,0.24730076106465979,0.01214487584322968,0.42768279659816466,0.012144875843229652,8.527261900584993,0.012144875843230096,5092.937304282854,18.375683998396198
2017-12-01,6213.085,8.734573364257812,8.092639974539654,0.641933389718158,0.30760548390462783,0.3343279058135302,1.5239448101124609,Train,1.4588086605072021,0.06513614960525871,0.3200381281616244,0.01428977765190581,0.6276436120662523,0.014289777651905755,8.720283586605907,0.014289777651905311,6177.482892886268,35.60206805123198
2018-01-01,5270.3315,8.570037841796875,8.085700845092482,0.4843369967043927,0.1793647360706121,0.3049722606337806,1.3901349116825825,Train,1.2756462097167969,0.11448870196578564,0.279855361574486,0.025116899059294595,0.4592200976450981,0.025116899059294595,8.54492094273758,0.02511689905929515,5183.690305025509,86.64123794324132
2018-02-01,5054.5205,8.528236389160156,8.07876171564531,0.44947467351484605,0.0974195118800889,0.35205516163475714,1.604749789405342,Train,1.331803321838379,0.27294646756696306,0.29217528915162616,0.05987987248313098,0.38959480103171507,0.05987987248313098,8.468356516677025,0.059879872483131535,4801.543554816287,252.97695299621319
2018-03-01,4986.3696,8.514663696289062,8.071822586198138,0.4428411100909244,0.12094685238683134,0.3218942577040931,1.4672693331999545,Train,1.3298147916793823,0.13745454152057213,0.29173903902019566,0.030155218683897422,0.412685891407027,0.030155218683897422,8.484508477605164,0.030155218683898255,4879.743894982764,106.62573392348622
2018-04-01,4895.502,8.496275901794434,8.064883456750966,0.43139244504346763,0.051745572962383884,0.3796468720810837,1.7305192606509083,Train,1.733492374420166,-0.0029731137692576848,0.38029912332642113,-0.0006522512453374096,0.43204469628880504,-0.0006522512453374096,8.496928153039772,-0.0006522512453379647,4940.739136557058,-45.23718343205837
2018-05-01,5349.841,8.58500862121582,8.057944327303794,0.5270642939120265,0.0454029861687791,0.4816613077432474,2.1955249244934456,Train,2.052489757537842,0.1430351669556038,0.4502817935320821,0.031379514211165305,0.49568477970086117,0.031379514211165305,8.553629107004655,0.03137951421116547,5229.036594787226,120.80422552527398
2018-06-01,5860.972,8.676240921020508,8.05100519785662,0.6252357231638879,0.008284852347586616,0.6169508708163013,2.812206403731243,Train,2.6266677379608154,0.18553866577042744,0.5762468025568438,0.04070406825945749,0.5845316549044304,0.04070406825945749,8.63553685276105,0.04070406825945838,5675.4499066840035,185.5222612847465
2018-07-01,6599.273,8.794866561889648,8.044066068409448,0.7508004934802006,0.105324429131593,0.6454760643486076,2.9422309092693997,Train,2.9370718002319336,0.005159109037466081,0.6443442424421224,0.0011318219064851975,0.7496686715737154,0.0011318219064851975,8.793734739983163,0.0011318219064850865,6648.381934195384,-49.10898497663402
2018-08-01,6179.01,8.72907543182373,8.037126938962276,0.6919484928614548,0.02354970071608066,0.6683987921453741,3.046718065298148,Train,2.9657745361328125,0.08094352916533554,0.650641140808246,0.017757651337128144,0.6741908415243266,0.017757651337128144,8.711317780486603,0.01775765133712781,6122.335403428305,56.674362196695256
2018-09-01,5508.8594,8.614294052124023,8.030187809515104,0.5841062426089199,-0.0670402154033809,0.6511464580123008,2.9680778901669487,Validate,2.984269380569458,-0.016191490402509334,0.6546985991675118,-0.003552141155211075,0.5876583837641309,-0.003552141155211075,8.617846193279235,-0.003552141155211075,5575.912798769765,-67.05342376976478
2018-10-01,6156.2925,8.72539234161377,8.023248680067931,0.7021436615458381,0.13783556813467257,0.5643080934111655,2.5722483086352055,Validate,2.9897243976593018,-0.4174760890240963,0.6558953383326854,-0.09158724492151993,0.793730906467358,-0.09158724492151993,8.81697958653529,-0.09158724492152004,6804.756203887699,-648.4637234189486
2018-11-01,7485.234,8.920821189880371,8.01630955062076,0.9045116392596118,0.18038203553350485,0.7241296037261069,3.3007521426066178,Validate,2.9921398162841797,0.30861232632243807,0.6564252406264953,0.06770436309961159,0.8368072761600002,0.06770436309961159,8.85311682678076,0.0677043630996117,7055.195286076929,430.0386006418212
2018-12-01,8484.779,9.046147346496582,8.009370421173585,1.0367769253229966,0.30760548390462783,0.7291714414183688,3.3237340183368396,Validate,3.0033137798309326,0.32042023850590695,0.6588766206288637,0.07029482078950511,0.9664821045334915,0.07029482078950511,8.975852525707078,0.07029482078950444,7976.632544676975,508.14675219802484
2019-01-01,7723.7617,8.952186584472656,8.002431291726413,0.9497552927462429,0.1793647360706121,0.7703905566756308,3.5116203888175828,Validate,3.0053515434265137,0.5062688453910691,0.6593236717497001,0.11106688492593075,0.8386884078203122,0.11106688492593075,8.841119699546725,0.11106688492593086,6971.046991632853,752.714727117147
2019-02-01,7189.9136,8.880573272705078,7.995492162279241,0.8850811104258369,0.0974195118800889,0.787661598545748,3.5903458381908697,Validate,3.011620283126831,0.5787255550640387,0.6606989279940142,0.12696267055173382,0.7581184398741031,0.12696267055173382,8.753610602153344,0.12696267055173394,6386.86291460461,803.0506596141404
2019-03-01,7996.365,8.986867904663086,7.988553032832069,0.9983148718310169,0.12094685238683134,0.8773680194441855,3.999248691302347,Validate,3.0151588916778564,0.9840897996244906,0.6614752393003738,0.21589278014381175,0.7824220916872051,0.21589278014381175,8.770975124519275,0.21589278014381108,6498.753757082478,1497.611477292522
2019-04-01,8030.441,8.991119384765625,7.981613903384897,1.009505481380728,0.051745572962383884,0.9577599084183441,4.365693728784911,Validate,3.020942449569702,1.3447512792152088,0.6627440548016316,0.29501585361671256,0.7144896277640155,0.29501585361671256,8.696103531148912,0.2950158536167127,6029.878565945987,2000.5623520227628
2019-05-01,8087.233,8.998165130615234,7.974674773937724,1.0234903566775104,0.0454029861687791,0.9780873705087313,4.458351056566221,Validate,3.024608612060547,1.4337424445056746,0.663548349300883,0.31453902120784827,0.7089513354696622,0.31453902120784827,8.683626109407387,0.3145390212078478,5955.096265965491,2132.1366441907594
2019-06-01,7621.5356,8.938864707946777,7.967735644490552,0.9711290634562255,0.008284852347586616,0.9628442111086389,4.388869169910777,Validate,3.0258066654205322,1.3630625044902445,0.6638111820939335,0.2990330290147054,0.6720960344415201,0.2990330290147054,8.639831678932072,0.29903302901470497,5699.881699899411,1921.6539446318393
2019-07-01,6974.1025,8.850102424621582,7.960796515043379,0.8893059095782032,0.105324429131593,0.7839814804466102,3.5735709989379654,Validate,3.027496814727783,0.5460741842101822,0.6641819724760103,0.1197995079705999,0.7695064016076033,0.1197995079705999,8.730302916650983,0.11979950797059935,6239.698310100172,734.4042289623276
2019-08-01,6133.5757,8.721695899963379,7.953857385596207,0.7678385143671722,0.02354970071608066,0.7442888136510916,3.392642537655731,Validate,3.022976875305176,0.3696656623505552,0.6631903736519997,0.08109843999909183,0.6867400743680804,0.08109843999909183,8.640597459964287,0.08109843999909216,5704.248998956059,429.32668463769096
2019-09-01,6224.4434,8.73639965057373,7.946918256149035,0.7894813944246959,-0.0670402154033809,0.8565216098280768,3.904225879291954,Validate,3.024172306060791,0.8800535732311632,0.6634526310896824,0.19306897873839435,0.5964124156863015,0.19306897873839435,8.543330671835337,0.19306897873839368,5175.451795363621,1048.9915640113786
2019-10-01,8053.1577,8.99394416809082,7.9399791267018625,1.0539650413889579,0.13783556813467257,0.9161294732542853,4.175932465941433,Validate,3.0287084579467773,1.147224007994656,0.664447786655967,0.25168168659831824,0.8022833547906396,0.25168168659831824,8.742262481492503,0.25168168659831736,6314.782437998713,1738.3752768450368
2019-11-01,8723.308,9.073868751525879,7.9330399972546894,1.1408287542711895,0.18038203553350485,0.9604467187376846,4.377940838794924,Validate,3.0300168991088867,1.3479239396860372,0.6647348366795017,0.2957118820581829,0.8451168722130066,0.2957118820581829,8.778156869467695,0.29571188205818366,6545.601353180195,2177.7062640073054
2019-12-01,10120.399,9.222407341003418,7.926100867807517,1.2963064731959006,0.30760548390462783,0.9887009892912728,4.506730414014138,Validate,3.0327813625335693,1.4739490514805684,0.6653413135422721,0.3233596757490007,0.9729467974468999,0.3233596757490007,8.899047665254418,0.3233596757489998,7386.850550076071,2733.548863986429
2020-01-01,7530.668,8.926872253417969,7.919161738360344,1.0077105150576244,0.1793647360706121,0.8283457789870123,3.7757938506332533,Validate,3.034639835357666,0.7411540152755873,0.6657490312779595,0.16259674770905286,0.8451137673485716,0.16259674770905286,8.764275505708916,0.16259674770905264,6455.35342970845,1075.3145390415502
2020-02-01,8791.458,9.081649780273438,7.912222608913172,1.1694271713602653,0.0974195118800889,1.0720076594801764,4.886461706181351,Validate,3.0304999351501465,1.8559617710312049,0.664840806677257,0.4071668528029194,0.7622603185573459,0.4071668528029194,8.674482927470518,0.40716685280292,5900.886795347283,2890.5712124652173
2020-03-01,4441.163,8.398897171020508,7.905283479466,0.49361369155450774,0.12094685238683134,0.3726668391676764,1.698702637665407,Validate,3.0414819717407227,-1.3427793340753156,0.6672500811277038,-0.2945832419600274,0.7881969335145351,-0.2945832419600274,8.693480412980534,-0.2945832419600265,6014.079589158963,-1572.9165032214632
2020-04-01,227.16946,5.430088520050049,7.898344350018828,-2.468255829968779,0.051745572962383884,-2.520001402931163,-11.486755944372165,Validate,3.0132861137390137,-14.500042058111179,0.6610643832626798,-3.1810657861938427,0.7128099562250637,-3.1810657861938427,8.611154306243892,-3.1810657861938427,5538.717321087091,-5311.547856975762
2020-05-01,90.86779,4.520350456237793,7.891405220571655,-3.371054764333862,0.0454029861687791,-3.416457750502641,-15.57301370095887,Validate,2.9312171936035156,-18.504230894562383,0.6430598400408986,-4.05951759054354,0.6884628262096777,-4.05951759054354,8.579868046781332,-4.059517590543539,5368.083453591864,-5277.215663369696
2020-06-01,942.7533,6.849864959716797,7.884466091124483,-1.034601131407686,0.008284852347586616,-1.0428859837552726,-4.753718295263395,Validate,2.768247604370117,-7.521965899633512,0.6073070482612064,-1.650193032016479,0.615591900608793,-1.650193032016479,8.500057991733275,-1.6501930320164782,4956.230212558653,-4013.4769166602155
2020-07-01,2748.7505,7.9192657470703125,7.87752696167731,0.041738785393002686,0.105324429131593,-0.06358564373859031,-0.2898382399078905,Validate,2.4956917762756348,-2.7855300161835252,0.5475128755198875,-0.6110985192584778,0.6528373046514805,-0.6110985192584778,8.53036426632879,-0.6110985192584781,5108.765099987535,-2360.014611706285
2020-08-01,3203.0896,8.072183609008789,7.870587832230138,0.20159577677865137,0.02354970071608066,0.17804607606257072,0.811575668253602,Validate,2.1133880615234375,-1.3018123932698356,0.4636418590042677,-0.28559578294169696,0.48719155972034833,-0.28559578294169696,8.357779391950485,-0.2855957829416962,4298.80021541792,-1095.7106158085453
2020-09-01,3930.0317,8.276657104492188,7.863648702782966,0.41300840170922193,-0.0670402154033809,0.4800486171126028,2.188173903312885,Validate,1.7272112369537354,0.4609626663591495,0.37892114722036796,0.10112746989223487,0.31188093181698706,0.10112746989223487,8.175529634599952,0.10112746989223531,3582.4241248029634,347.60761347828657
2020-10-01,4441.163,8.398897171020508,7.856709573335793,0.5421875976847153,0.13783556813467257,0.4043520295500427,1.843131148121737,Validate,1.5248568058013916,0.31827434232034535,0.33452798235617665,0.06982404719386603,0.4723635504908492,0.06982404719386603,8.329073123826642,0.06982404719386537,4177.123791090693,264.039294846807
2020-11-01,1578.8278,7.3650712966918945,7.84977044388862,-0.4846991471967259,0.18038203553350485,-0.6650811827302308,-3.031595625435148,Validate,1.4867916107177734,-4.518387236152922,0.32617711763178386,-0.9912583003620146,0.5065591531652887,-0.9912583003620146,8.356329597053909,-0.9912583003620146,4292.570903712589,-2713.7431449235264
2020-12-01,3782.3716,8.238370895385742,7.842831314441448,0.39553958094429387,0.30760548390462783,0.08793409703966604,0.4008241863312067,Validate,1.2635135650634766,-0.8626893787322698,0.2771936630326438,-0.18925956599297777,0.5847991469372716,-0.18925956599297777,8.42763046137872,-0.18925956599297855,4609.884156042692,-827.5125740114418
2021-01-01,363.47116,5.898447513580322,7.835892184994275,-1.937444671413953,0.1793647360706121,-2.116809407484565,-9.64891250308183,Validate,1.01785147190094,-10.66676397498277,0.22329952421620053,-2.3401089317007657,0.4026642602868126,-2.3401089317007657,8.238556445281088,-2.3401089317007653,3815.545192068612,-3452.07403117994
2021-02-01,249.88641,5.525000095367432,7.828953055547103,-2.3039529601796715,0.0974195118800889,-2.4013724720597605,-10.94601752443454,Validate,0.6086544990539551,-11.554672023488495,0.13352857838577198,-2.5349010504455323,0.23094809026586088,-2.5349010504455323,8.059901145812963,-2.534901050445532,3191.1360917920656,-2941.249678217847
2021-03-01,363.47116,5.898447513580322,7.822013926099931,-1.9235664125196088,0.12094685238683134,-2.04451326490644,-9.319369771657747,Validate,0.2488154172897339,-9.568185188947481,0.05458592518875903,-2.099099190095199,0.17553277757559038,-2.099099190095199,7.997546703675521,-2.099099190095199,2998.1708640379256,-2634.6997031492538
2021-04-01,2317.1287,7.748515605926514,7.815074796652758,-0.06655919072624439,0.051745572962383884,-0.11830476368862827,-0.5392607900802094,Validate,0.026811985298991203,-0.5660727753792006,0.005882099427900793,-0.12418686311652907,0.05762767239028468,-0.12418686311652907,7.872702469043043,-0.12418686311652927,2646.1713033340984,-329.0426412247234
2021-05-01,3918.6733,8.273763656616211,7.808135667205586,0.465627989410625,0.0454029861687791,0.4202250032418459,1.9154838756627242,Validate,-0.12680457532405853,2.0422884509867827,-0.027818794902774738,0.44804379814462064,0.017584191266004363,0.44804379814462064,7.82571985847159,0.4480437981446208,2524.6766994665695,1393.9966403771805
2021-06-01,4293.503,8.365091323852539,7.801196537758414,0.5638947860941252,0.008284852347586616,0.5556099337465387,2.5326000619649713,Validate,-0.14903733134269714,2.6816373933076685,-0.03269628830729382,0.5883062220538324,-0.024411435959707205,0.5883062220538324,7.776785101798707,0.5883062220538324,2404.0586018576796,1889.4443278298204
2021-07-01,5088.596,8.534954071044922,7.794257408311241,0.7406966627336811,0.105324429131593,0.635372233602088,2.8961752849536686,Test,-0.04006320238113403,2.9362384873348026,-0.008789193980902589,0.6441614275829907,0.0965352351506904,0.6441614275829907,7.890792643461931,0.6441614275829908,2694.494866940759,2394.101324465491
2021-08-01,3702.8623,8.217131614685059,7.787318278864069,0.4298133358209899,0.02354970071608066,0.40626363510490926,1.8518446934575126,Test,0.0,1.8518446934575126,0.0,0.40626363510490926,0.02354970071608066,0.40626363510490926,7.8108679795801494,0.40626363510490915,2487.4428358365053,1215.4194688509947
2021-09-01,3850.5225,8.256223678588867,7.780379149416897,0.4758445291719706,-0.0670402154033809,0.5428847445753515,2.4745956726875,Test,0.0,2.4745956726875,0.0,0.5428847445753515,-0.0670402154033809,0.5428847445753515,7.713338934013516,0.5428847445753515,2256.2067604135377,1594.3157005239623
2021-10-01,7542.0264,8.92837905883789,7.773440019969724,1.154939038868167,0.13783556813467257,1.0171034707334945,4.636195569137415,Test,0.0,4.636195569137415,0.0,1.0171034707334945,0.13783556813467257,1.0171034707334945,7.911275588104396,1.0171034707334945,2750.275868432812,4791.750498754688
2021-11-01,8655.157,9.066025733947754,7.766500890522551,1.2995248434252025,0.18038203553350485,1.1191428078916976,5.101314739824561,Test,0.0,5.101314739824561,0.0,1.1191428078916976,0.18038203553350485,1.1191428078916976,7.946882926056056,1.1191428078916976,2850.006512445432,5805.150714117068
2021-12-01,9438.892,9.15269947052002,7.759561761075379,1.3931377094446402,0.30760548390462783,1.0855322255400124,4.948109842330075,Test,0.0,4.948109842330075,0.0,1.0855322255400124,0.30760548390462783,1.0855322255400124,8.067167244980007,1.0855322255400122,3214.414939979976,6224.476661582524
2022-01-01,7155.8384,8.875823974609375,7.752622631628206,1.1232013429811687,0.1793647360706121,0.9438366069105566,4.302228063180981,Test,0.0,4.302228063180981,0.0,0.9438366069105566,0.1793647360706121,0.9438366069105566,7.931987367698818,0.9438366069105566,2807.8539012927768,4347.984477613473
2022-02-01,8473.421,9.044807434082031,7.745683502181034,1.299123931900997,0.0974195118800889,1.2017044200209082,5.477649883050695,Test,0.0,5.477649883050695,0.0,1.2017044200209082,0.0974195118800889,1.2017044200209082,7.843103014061123,1.2017044200209082,2568.964748304624,5904.456150132875
2022-03-01,9268.515,9.134486198425293,7.738744372733862,1.395741825691431,0.12094685238683134,1.2747949733045996,5.81081372432171,Test,0.0,5.81081372432171,0.0,1.2747949733045996,0.12094685238683134,1.2747949733045996,7.859691225120693,1.2747949733045996,2611.9514162140663,6656.563232223434
2022-04-01,8870.968,9.090651512145996,7.731805243286689,1.358846268859307,0.051745572962383884,1.3071006958969231,5.9580707657634235,Test,0.0,5.9580707657634235,0.0,1.3071006958969231,0.051745572962383884,1.3071006958969231,7.783550816249073,1.3071006958969233,2420.385711594459,6450.582061843041
2022-05-01,8212.177,9.013495445251465,7.724866113839517,1.288629331411948,0.0454029861687791,1.2432263452431689,5.666916532193751,Test,0.0,5.666916532193751,0.0,1.2432263452431689,0.0454029861687791,1.2432263452431689,7.770269100008296,1.243226345243169,2388.438182310771,5823.738575501729
2022-06-01,8234.894,9.016257286071777,7.717926984392345,1.2983303016794325,0.008284852347586616,1.2900454493318458,5.880328961875434,Test,0.0,5.880328961875434,0.0,1.2900454493318458,0.008284852347586616,1.2900454493318458,7.726211836739932,1.2900454493318456,2285.451391271074,5949.442163416426
2022-07-01,10086.324,9.219035148620605,7.710987854945172,1.5080472936754337,0.105324429131593,1.4027228645438408,6.393938981091058,Test,0.0,6.393938981091058,0.0,1.4027228645438408,0.105324429131593,1.4027228645438408,7.816312284076765,1.4027228645438408,2501.0276226602973,7585.296596089703
2022-08-01,7246.706,8.888440132141113,7.704048725498,1.1843914066431136,0.02354970071608066,1.1608417059270328,5.291388072452082,Test,0.0,5.291388072452082,0.0,1.1608417059270328,0.02354970071608066,1.1608417059270328,7.72759842621408,1.1608417059270328,2288.623959720065,4958.082094967434
2022-09-01,7371.6494,8.905532836914062,7.697109596050828,1.208423240863235,-0.0670402154033809,1.2754634562666158,5.813860826052971,Test,0.0,5.813860826052971,0.0,1.2754634562666158,-0.0670402154033809,1.2754634562666158,7.630069380647447,1.2754634562666158,2075.862930607622,5295.786483454878
2022-10-01,12857.792,9.461783409118652,7.6901704666036546,1.7716129425149978,0.13783556813467257,1.6337773743803252,7.447139491714239,Test,0.0,7.447139491714239,0.0,1.6337773743803252,0.13783556813467257,1.6337773743803252,7.828006034738327,1.6337773743803252,2530.4574469804206,10327.334545207079
2022-11-01,16185.824,9.6919527053833,7.683231337156482,2.0087213682268183,0.18038203553350485,1.8283393326933135,8.333998415126297,Test,0.0,8.333998415126297,0.0,1.8283393326933135,0.18038203553350485,1.8283393326933135,7.863613372689987,1.8283393326933135,2622.219921392595,13563.604297357404
2022-12-01,17264.879,9.756487846374512,7.67629220770931,2.0801956386652014,0.30760548390462783,1.7725901547605736,8.079880619688604,Test,0.0,8.079880619688604,0.0,1.7725901547605736,0.30760548390462783,1.7725901547605736,7.983897691613938,1.7725901547605734,2957.5132441048013,14307.3656621452
2023-01-01,12687.415,9.448444366455078,7.669353078262137,1.7790912881929408,0.1793647360706121,1.5997265521223287,7.291927877733449,Test,0.0,7.291927877733449,0.0,1.5997265521223287,0.1793647360706121,1.5997265521223287,7.848717814332749,1.5997265521223287,2583.4351733284757,10103.979865734025
2023-02-01,11733.303,9.370271682739258,7.662413948814965,1.7078577339242926,0.0974195118800889,1.6104382220442037,7.340754175213336,Test,0.0,7.340754175213336,0.0,1.6104382220442037,0.0974195118800889,1.6104382220442037,7.759833460695054,1.6104382220442037,2363.6325238474637,9369.670210527536
2023-03-01,10688.323,9.277000427246094,7.655474819367793,1.6215256078783007,0.12094685238683134,1.5005787554914694,6.83998902524066,Test,0.0,6.83998902524066,0.0,1.5005787554914694,0.12094685238683134,1.5005787554914694,7.776421671754624,1.5005787554914694,2403.1846901164963,8285.138552071003
2023-04-01,9961.381,9.206571578979492,7.64853568992062,1.5580358890588721,0.051745572962383884,1.5062903160964882,6.866023654687704,Test,0.0,6.866023654687704,0.0,1.5062903160964882,0.051745572962383884,1.5062903160964882,7.700281262883004,1.5062903160964884,2226.9244920355272,7734.456367339473
2023-05-01,9779.6455,9.18816089630127,7.641596560473448,1.5465643358278216,0.0454029861687791,1.5011613496590426,6.84264462575332,Test,0.0,6.84264462575332,0.0,1.5011613496590426,0.0454029861687791,1.5011613496590426,7.686999546642227,1.5011613496590428,2197.5294714031966,7582.116036409303
2023-06-01,10676.965,9.275938034057617,7.634657431026275,1.6412806030313423,0.008284852347586616,1.6329957506837556,7.443576668045812,Test,0.0,7.443576668045812,0.0,1.6329957506837556,0.008284852347586616,1.6329957506837556,7.642942283373862,1.6329957506837554,2102.7710060274335,8574.193837722567
2023-07-01,10972.285,9.303218841552734,7.627718301579103,1.6755005399736316,0.105324429131593,1.5701761108420387,7.157230053105109,Test,0.0,7.157230053105109,0.0,1.5701761108420387,0.105324429131593,1.5701761108420387,7.733042730710696,1.5701761108420387,2301.1233641474078,8671.161792102592
2023-08-01,7871.422,8.971120834350586,7.620779172131931,1.3503416622186553,0.02354970071608066,1.3267919615025745,6.047828161130281,Test,0.0,6.047828161130281,0.0,1.3267919615025745,0.02354970071608066,1.3267919615025745,7.644328872848011,1.3267919615025745,2105.69009608249,5765.73177891751
2023-09-01,8178.101,9.009337425231934,7.613840042684759,1.395497382547175,-0.0670402154033809,1.462537597950556,6.666588529508547,Test,0.0,6.666588529508547,0.0,1.462537597950556,-0.0670402154033809,1.462537597950556,7.546799827281378,1.462537597950556,1909.928014295792,6268.173059922958
2023-10-01,11767.379,9.37317180633545,7.6069009132375855,1.7662708930978637,0.13783556813467257,1.628435324963191,7.422789180708055,Test,0.0,7.422789180708055,0.0,1.628435324963191,0.13783556813467257,1.628435324963191,7.744736481372258,1.628435324963191,2328.201836645674,9439.177069604326
2023-11-01,18786.914,9.84096908569336,7.599961783790413,2.241007301902946,0.18038203553350485,2.060625266369441,9.392812043699973,Test,0.0,9.392812043699973,0.0,2.060625266369441,0.18038203553350485,2.060625266369441,7.780343819323918,2.060625266369441,2412.6327735318287,16374.281288968172
2023-12-01,18389.37,9.819581985473633,7.59302265434324,2.2265593311303924,0.30760548390462783,1.9189538472257646,8.747040571468487,Test,0.0,8.747040571468487,0.0,1.9189538472257646,0.30760548390462783,1.9189538472257646,7.9006281382478685,1.9189538472257643,2721.1371981303337,15668.231942494665
2024-01-01,13414.357,9.504155158996582,7.586083524896068,1.9180716341005137,0.1793647360706121,1.7387068980299016,7.925432808583014,Test,0.0,7.925432808583014,0.0,1.7387068980299016,0.1793647360706121,1.7387068980299016,7.76544826096668,1.7387068980299016,2376.946806725417,11037.410615149583
2024-02-01,13743.753,9.528412818908691,7.579144395448896,1.9492684234597952,0.0974195118800889,1.8518489115797063,8.441160575714322,Test,0.0,8.441160575714322,0.0,1.8518489115797063,0.0974195118800889,1.8518489115797063,7.676563907328985,1.8518489115797063,2174.7057082303813,11569.047221457118
2024-03-01,13641.526,9.520947456359863,7.572205266001724,1.9487421903581392,0.12094685238683134,1.8277953379713079,8.331518759916806,Test,0.0,8.331518759916806,0.0,1.8277953379713079,0.12094685238683134,1.8277953379713079,7.693152118388555,1.8277953379713079,2211.0977789037534,11430.428588283747
2024-04-01,12176.283,9.407327651977539,7.565266136554551,1.842061515422988,0.051745572962383884,1.790315942460604,8.160678906941607,Test,0.0,8.160678906941607,0.0,1.790315942460604,0.051745572962383884,1.790315942460604,7.617011709516935,1.7903159424606043,2048.92022478866,10127.36297833634
2024-05-01,9643.344,9.174126625061035,7.558327007107379,1.6157996179536562,0.0454029861687791,1.5703966317848772,7.158235239153046,Forecast,0.0,7.158235239153046,0.0,1.5703966317848772,0.0454029861687791,1.5703966317848772,7.603729993276158,1.5703966317848774,2021.8737752713157,7621.469974728684
2024-06-01,,,7.551387877660206,,0.008284852347586616,,,Forecast,0.0,,0.0,,0.008284852347586616,,7.559672730007793,,1934.6862178212693,
2024-07-01,,,7.544448748213034,,0.105324429131593,,,Forecast,0.0,,0.0,,0.105324429131593,,7.649773177344627,,2117.190836805535,
2024-08-01,,,7.537509618765862,,0.02354970071608066,,,Forecast,0.0,,0.0,,0.02354970071608066,,7.561059319481942,,1937.3720816210666,
2024-09-01,,,7.5305704893186896,,-0.0670402154033809,,,Forecast,0.0,,0.0,,-0.0670402154033809,,7.463530273915309,,1757.2507839128832,
2024-10-01,,,7.5236313598715165,,0.13783556813467257,,,Forecast,0.0,,0.0,,0.13783556813467257,,7.661466928006189,,2142.1058232106016,
2024-11-01,,,7.516692230424344,,0.18038203553350485,,,Forecast,0.0,,0.0,,0.18038203553350485,,7.697074265957849,,2219.7909897140016,
2024-12-01,,,7.509753100977171,,0.30760548390462783,,,Forecast,0.0,,0.0,,0.30760548390462783,,7.8173585848817995,,2503.646866195465,
2025-01-01,,,7.502813971529999,,0.1793647360706121,,,Forecast,0.0,,0.0,,0.1793647360706121,,7.682178707600611,,2186.956221139433,
2025-02-01,,,7.495874842082827,,0.0974195118800889,,,Forecast,0.0,,0.0,,0.0974195118800889,,7.593294353962916,,2000.8735600930202,
2025-03-01,,,7.488935712635655,,0.12094685238683134,,,Forecast,0.0,,0.0,,0.12094685238683134,,7.609882565022486,,2034.3580170223145,
2025-04-01,,,7.481996583188482,,0.051745572962383884,,,Forecast,0.0,,0.0,,0.051745572962383884,,7.533742156150866,,1885.1379472328101,
2025-05-01,,,7.47505745374131,,0.0454029861687791,,,Forecast,0.0,,0.0,,0.0454029861687791,,7.520460439910089,,1860.252425271662,
2025-06-01,,,7.468118324294137,,0.008284852347586616,,,Forecast,0.0,,0.0,,0.008284852347586616,,7.476403176641724,,1780.0308836504378,
2025-07-01,,,7.461179194846965,,0.105324429131593,,,Forecast,0.0,,0.0,,0.105324429131593,,7.566503623978558,,1947.9539487770226,
2025-08-01,,,7.454240065399793,,0.02354970071608066,,,Forecast,0.0,,0.0,,0.02354970071608066,,7.477789766115873,,1782.5021552504918,
2025-09-01,,,7.4473009359526205,,-0.0670402154033809,,,Forecast,0.0,,0.0,,-0.0670402154033809,,7.38026072054924,,1616.7719914109462,
2025-10-01,,,7.4403618065054475,,0.13783556813467257,,,Forecast,0.0,,0.0,,0.13783556813467257,,7.57819737464012,,1970.8783049276285,
2025-11-01,,,7.433422677058275,,0.18038203553350485,,,Forecast,0.0,,0.0,,0.18038203553350485,,7.61380471259178,,2042.3566672108573,
2025-12-01,,,7.426483547611102,,0.30760548390462783,,,Forecast,0.0,,0.0,,0.30760548390462783,,7.7340890315157305,,2303.5333382356603,
2026-01-01,,,7.41954441816393,,0.1793647360706121,,,Forecast,0.0,,0.0,,0.1793647360706121,,7.598909154234542,,2012.1452949592924,
2026-02-01,,,7.412605288716758,,0.0974195118800889,,,Forecast,0.0,,0.0,,0.0974195118800889,,7.510024800596847,,1840.930062250476,
2026-03-01,,,7.405666159269586,,0.12094685238683134,,,Forecast,0.0,,0.0,,0.12094685238683134,,7.526613011656417,,1871.7392147692458,
2026-04-01,,,7.398727029822413,,0.051745572962383884,,,Forecast,0.0,,0.0,,0.051745572962383884,,7.450472602784797,,1734.4413664357924,
2026-05-01,,,7.391787900375241,,0.0454029861687791,,,Forecast,0.0,,0.0,,0.0454029861687791,,7.43719088654402,,1711.5441206112844,
2026-06-01,,,7.384848770928068,,0.008284852347586616,,,Forecast,0.0,,0.0,,0.008284852347586616,,7.393133623275655,,1637.7320317272365,
2026-07-01,,,7.377909641480896,,0.105324429131593,,,Forecast,0.0,,0.0,,0.105324429131593,,7.483234070612489,,1792.2385639917063,
2026-08-01,,,7.370970512033724,,0.02354970071608066,,,Forecast,0.0,,0.0,,0.02354970071608066,,7.394520212749804,,1640.0058563797356,
2026-09-01,,,7.3640313825865515,,-0.0670402154033809,,,Forecast,0.0,,0.0,,-0.0670402154033809,,7.296991167183171,,1487.517019380674,
2026-10-01,,,7.3570922531393785,,0.13783556813467257,,,Forecast,0.0,,0.0,,0.13783556813467257,,7.494927821274051,,1813.3313350803937,
2026-11-01,,,7.350153123692206,,0.18038203553350485,,,Forecast,0.0,,0.0,,0.18038203553350485,,7.530535159225711,,1879.0987975787705,
2026-12-01,,,7.343213994245033,,0.30760548390462783,,,Forecast,0.0,,0.0,,0.30760548390462783,,7.6508194781496615,,2119.408261427593,
2027-01-01,,,7.336274864797861,,0.1793647360706121,,,Forecast,0.0,,0.0,,0.1793647360706121,,7.515639600868473,,1851.3012204084066,
2027-02-01,,,7.329335735350689,,0.0974195118800889,,,Forecast,0.0,,0.0,,0.0974195118800889,,7.426755247230778,,1693.7655545560008,
2027-03-01,,,7.322396605903517,,0.12094685238683134,,,Forecast,0.0,,0.0,,0.12094685238683134,,7.443343458290348,,1722.1131512014877,
