,DataOriginal,DataLog,Linear,DataLinear,MonthlyAverage,DataSeasons,DataRolled,DataNormalised,ConfLowerNormalised,ConfUpperNormalised,ModelledNormalised,ResidualsNormalised,ModelledSeasons,ResidualsSeasons,ModelledLinear,ResidualsLinear,ModelledLog,ResidualsLog,ModelledOriginal,ResidualsOriginal,ConfLowerSeasons,ConfUpperSeasons,ConfLowerLinear,ConfUpperLinear,ConfLowerLog,ConfUpperLog,ConfLowerOriginal,ConfUpperOriginal,Purpose
2010-04-01,142.75517,4.968111515045166,4.936797945515187,0.03131356952997866,-0.14405426979064936,0.17536783932062802,0.23171866043628817,1.1091125258575707,0.0,0.0,1.1091125258575707,0.0,0.23171866043628817,-0.056350821115660144,0.0876643906456388,-0.056350821115660144,5.024462336160826,-0.05635082111566003,171.08844782495274,-28.33327509546055,-0.0024163103722917387,-0.0024163103722917387,-0.1464705801629411,-0.1464705801629411,4.790327365352247,4.790327365352247,135.1658469106181,135.1658469106181,Train
2010-05-01,214.13277,5.371255397796631,4.945803448459901,0.4254519493367299,-0.08955182021666332,0.5150037695533932,0.11017443830605858,0.5333496710191743,0.0,0.0,0.5333496710191743,0.0,0.11017443830605858,0.40482933124733467,0.020622618089395264,0.40482933124733467,4.966426066549296,0.4048293312473348,161.38536498358175,52.74740174005106,-0.0024163103722917387,-0.0024163103722917387,-0.09196813058895506,-0.09196813058895506,4.853835317870946,4.853835317870946,144.09396367567066,144.09396367567066,Train
2010-06-01,142.75517,4.968111515045166,4.954808951404614,0.013302563640552378,-0.14997118280122543,0.1632737464417778,0.04248317808563375,0.2126917857734121,-1959.7516612621262,1960.1770447291342,0.21269173350397305,5.2269439054786204e-08,0.04248316705149311,0.1207905793902847,-0.10748801574973232,0.1207905793902847,4.847320935654881,0.12079057939028459,143.15183815367632,-0.3966654241841354,-413.7083183755318,413.79328470963486,-413.858289558333,413.64331352683365,-408.9034806069284,418.5981224782383,-1.0,7.055213777023495e+181,Train
2010-07-01,190.34024,5.254053115844727,4.963814454349327,0.29023866149539934,-0.20406691832258123,0.49430557981798057,-0.03276007718094506,-0.14374038928466354,-1960.1080934325284,1959.8206125587315,-0.14374043689850105,4.761383751161752e-08,-0.032760087232282686,0.5270656670502633,-0.2368270055548639,0.5270656670502633,4.726987448794463,0.5270656670502634,126.8085816583988,63.53165882011683,-413.78356162981555,413.71804145535106,-413.9876285481381,413.5139745370285,-409.02381409378876,418.47778899137785,-1.0,6.255326867055693e+181,Train
2010-08-01,118.96265,4.787180423736572,4.97281995729404,-0.18563953355746765,-0.08793175430562446,-0.0977077792518432,-0.03706975473448789,-0.1641556110712007,-1960.1285086105395,1959.8001973807204,-0.1641556149095983,3.838397599764676e-09,-0.037069755544778184,-0.06063802370706501,-0.12500150985040265,-0.060638023707065,4.847818447443637,-0.060638023707064725,143.22357323557335,-24.260926751198355,-413.78787129812804,413.71373178703857,-413.87580305243364,413.62580003273297,-408.9029830951396,418.59861999002703,-1.0,7.058724702340673e+181,Train
2010-09-01,118.96265,4.787180423736572,4.9818254602387535,-0.19464503650218123,-0.33471384323797376,0.14006880673579253,-0.0018867837756068948,0.002508401795467149,-1959.9618445653055,1959.9668614259544,0.0025084303244038157,-2.8528936666608745e-08,-0.0018867777531144984,0.14195558448890702,-0.3366006209910883,0.14195558448890705,4.645224839247665,0.14195558448890733,116.77441756671644,2.188228917658563,-413.75268832033635,413.7489147648302,-414.0874021635743,413.4142009215922,-409.10557670333554,418.396026381831,-1.0,5.764225444782347e+181,Train
2010-10-01,95.17012,4.5661187171936035,4.990830963183466,-0.4247122459898627,0.1943786484854562,-0.6190908944753188,0.018739361847606658,0.1002157899394263,-1959.8641371815525,1960.0645688097075,0.10021581407739133,-2.4137965029535913e-08,0.01873936694315973,-0.6378302614184785,0.21311801542861591,-0.6378302614184785,5.2039489786120825,-0.637830261418479,204.92153921360062,-109.75141897434281,-413.73206217564007,413.7695409095265,-413.5376835271546,413.9639195580119,-408.5468525639712,418.95475052119536,-1.0,1.0078404126187393e+182,Train
2010-11-01,118.96265,4.787180423736572,4.99983646612818,-0.2126560423916075,0.21869960106573258,-0.4313556434573401,0.02249692201578821,0.11801559590092395,-1959.8463373917818,1960.082368599478,0.11801560384808348,-7.947159527676995e-09,0.02249692369344302,-0.45385256715078315,0.2411965247591756,-0.45385256715078315,5.241032990887355,-0.4538525671507827,212.70129686024472,-93.73865037586972,-413.7283046188898,413.77329846627674,-413.5096050178241,413.9919980673425,-408.5097685516959,418.99183453347064,-1.0,1.0459168284546486e+182,Train
2010-12-01,142.75517,4.968111515045166,5.0088419690728925,-0.04073045402772646,0.5939756652858491,-0.6347061193135756,0.0301435263098446,0.15423805585009548,-1959.810114939892,1960.118591051368,0.15423805573795654,1.1213893702510802e-10,0.030143526286171944,-0.6648496455997475,0.624119191572021,-0.6648496455997475,5.632961160644913,-0.6648496455997472,315.2418916514463,-172.4867189219541,-413.7206580162971,413.7809450688695,-413.12668235101125,414.37492073415535,-408.1178403819384,419.38376270322823,-1.0,1.5477805759732973e+182,Train
2011-01-01,166.5477,5.121268272399902,5.017847472017606,0.10342080038229629,0.17927765309866958,-0.0758568527163733,0.03390108647802616,0.17203786181159314,-1959.7923151480677,1960.1363908431922,0.17203784756215823,1.4249434909796577e-08,0.03390108346995353,-0.10975793618632683,0.21317873656862313,-0.10975793618632684,5.231026208586229,-0.10975793618632679,210.5734984684239,-44.02579949381453,-413.7169004591133,413.7847026260533,-413.5376228060146,413.96398027915194,-408.519775333997,418.98182775116953,-1.0,1.0355027590116595e+182,Train
2011-02-01,214.13277,5.371255397796631,5.026852974962319,0.3444024228343121,-0.005540502978890987,0.3499429258132031,-0.089332506117159,-0.4117276503702375,-1960.3760807486456,1959.5526252426093,-0.41172775301810777,1.026478702592648e-07,-0.08933252778624626,0.4392754535994493,-0.09487303076513724,0.43927545359944936,4.931979944197182,0.439275453599449,155.88706012445482,58.24570659917799,-413.840134070369,413.6614690147965,-413.8456745733479,413.65592851181765,-408.81882159838557,418.68278148677996,-1.0,7.678512894480557e+181,Train
2011-03-01,166.5477,5.121268272399902,5.035858477907032,0.08540979449287,-0.16021716921008572,0.24562696370295573,-0.04092379524554734,-0.18241245066767972,-1385.5319937457036,1386.2762813446554,0.37214379947594833,-0.5545562501436281,0.07614368745978073,0.169483276243175,-0.08407348175030499,0.169483276243175,4.951784996156728,0.1694832762431746,159.02518933368776,7.522509640921612,-292.48986492085044,292.64215229577,-292.65008209006055,292.4819351265599,-287.6142236121535,297.51779360446693,-1.0,1.8365023176254793e+129,Train
2011-04-01,166.5477,5.121268272399902,5.044863980851745,0.07640429154815731,-0.14405426979064936,0.22045856133880667,-0.001256383685255602,0.005494647865824535,-1.7720664405940911,0.6315301954982714,-0.5702681225479099,0.5757627704137345,-0.12280058799333883,0.3432591493321455,-0.2668548577839882,0.3432591493321455,4.778009123067757,0.3432591493321455,133.49881156959668,33.04888740501269,-0.3765016395579458,0.13090046357126822,-0.5205559093485952,-0.013153806219381142,4.52430807150315,5.031710174632364,103.36081936028667,172.34024804061465,Train
2011-05-01,261.71783,5.571080684661865,5.053869483796459,0.5172112008654066,-0.08955182021666332,0.6067630210820699,0.0568328367536168,0.280667048569385,-0.9378194608172006,1.3591380707527234,0.21065930496776142,0.0700077436016236,0.04205411897485319,0.5647089021072167,-0.047497701241810124,0.5647089021072167,5.006371782554648,0.5647089021072169,168.00326302483992,93.71457144781633,-0.20039111181308875,0.2844993497627951,-0.2899429320297521,0.19494752954613181,4.763926551766707,5.24881701334259,131.61799690239727,214.371243573103,Train
2011-06-01,166.5477,5.121268272399902,5.062874986741171,0.05839328565873103,-0.14997118280122543,0.20836446845995646,0.08673339148458319,0.42230791352721986,-0.9710001525021563,1.324519095623339,0.1767594715605913,0.24554844196662856,0.03489782390094582,0.17346664455901065,-0.11507335890027962,0.17346664455901065,4.947801627840891,0.17346664455901095,158.38901795839934,8.15868101621004,-0.2073955952157613,0.27719124301765297,-0.35736677801698674,0.12722006021642754,4.705508208724185,5.190095046957599,124.09262322970875,202.0883867475685,Train
2011-07-01,47.58506,3.8833160400390625,5.071880489685885,-1.1885644496468224,-0.20406691832258123,-0.9844975313242412,0.16413980177585222,0.7889870940837486,-0.19859610598120925,2.0956795629144,0.9485417284665955,-0.1595546343828469,0.19782197449743127,-1.1823195058216724,-0.006244943825149951,-1.1823195058216724,5.065635545860735,-1.1823195058216722,178.3217692865109,-130.73670916688198,-0.044340184093450356,0.43998413308831286,-0.2484071024160316,0.23591721476573163,4.823473387269853,5.307797704451617,139.7548362912836,227.45607147380122,Train
2011-08-01,237.9253,5.476150989532471,5.0808859926305985,0.3952649969018722,-0.08793175430562446,0.48319675120749667,0.18470785859218644,0.8864193117860625,-0.10290233791020409,2.191103147481792,1.044100404785794,-0.15768109299973154,0.2179945245037552,0.2652022267037415,0.13006277019813073,0.2652022267037415,5.210948762828729,0.2652022267037415,206.36800211171646,31.557290857033536,-0.024139116057955975,0.4601281650654664,-0.11207087036358043,0.37219641075984194,4.968815122267018,5.45308240339044,161.7737764518487,263.1794595981831,Train
2011-09-01,214.13277,5.371255397796631,5.089891495575311,0.2813639022213197,-0.33471384323797376,0.6160777454592934,0.08492245509663095,0.4137293905305369,-0.863711591085638,1.4302641238175484,0.28327626636595526,0.13045312416458166,0.057383645727810684,0.5586940997314827,-0.2773301975101631,0.5586940997314828,4.812561298065148,0.5586940997314827,138.2272566621184,75.9055100615144,-0.1847468525411367,0.2995141439967581,-0.5194606957791105,-0.03519969924121569,4.570430799796201,5.054691796334096,108.28695523710532,176.37001598776382,Train
2011-10-01,214.13277,5.371255397796631,5.098896998520025,0.2723583992766061,0.1943786484854562,0.07797975079114991,0.07591695215191781,0.37106973963287376,-0.797876255533505,1.4960912403028837,0.34910749238468924,0.02196224724818452,0.07128069568698557,0.006699055104164339,0.26565934417244175,0.006699055104164353,5.364556342692467,0.006699055104164131,240.79797965654285,-26.665212932910038,-0.17084893505458298,0.31341032642855415,0.023529713430873206,0.5077889749140103,5.122426711950898,5.606685973434035,188.80039208856005,307.04079128933415,Train
2011-11-01,190.34024,5.254053115844727,5.1079025014647375,0.1461506143799891,0.21869960106573258,-0.07254898668574347,0.08774370965693197,0.42709385616613343,-0.6478302068972681,1.6460261283367617,0.4990979607197468,-0.07200410455361339,0.10294386160249133,-0.1754928482882348,0.3216434626682239,-0.1754928482882348,5.429545964132961,-0.17549284828823453,257.0342180309617,-66.69397755244609,-0.13917403607152024,0.3450617592765029,0.07952556499421234,0.5637613603422355,5.18742806645895,5.671663861806973,201.54747560096575,327.72124166099695,Train
2011-12-01,404.473,6.005054473876953,5.116908004409451,0.8881464694675021,0.5939756652858491,0.294170804181653,0.062086099473449306,0.30555209442163556,-0.8458050607441503,1.4478214269402117,0.3010081830980306,0.004543911323604932,0.06112687439907157,0.2330439297825814,0.6551025396849207,0.23304392978258137,5.772010544094372,0.23304392978258104,362.4191255742936,42.05386636906576,-0.18096676272964937,0.30322051152779256,0.4130089025561997,0.8971961768136416,5.529916906965651,6.014104181223093,284.2777157357097,461.9645203537076,Train
2012-01-01,237.9253,5.476150989532471,5.125913507354164,0.35023748217830697,0.17927765309866958,0.1709598290796374,0.05308059652873609,0.26289244352397195,-1.463619784141414,0.8299784947778286,-0.3168206446817928,0.5797130882057647,-0.06929752455456928,0.24025735363420667,0.1099801285441003,0.24025735363420667,5.235893635898264,0.24025735363420697,211.6058274483601,26.31946552038991,-0.3113881842313889,0.1727931351222504,-0.13211053113271934,0.35207078822092,4.993802976221445,5.477984295575084,165.8923871260932,269.8406215728147,Train
2012-02-01,71.37759,4.281896591186523,5.134919010298877,-0.8530224191123539,-0.005540502978890987,-0.8474819161334629,0.1009753166802347,0.4897728358849217,-0.1953736475643506,2.0958699327164,0.9502481425760247,-0.46047530669110304,0.19818220054157376,-1.0456641166750367,0.19264169756268276,-1.0456641166750367,5.32756070786156,-1.0456641166750362,232.01595972247176,-160.63837335772567,-0.04365991929635082,0.44002432037949835,-0.0492004222752418,0.4344838174006074,5.085718588023635,5.569402827699484,181.95950204401308,295.76751892516046,Train
2012-03-01,166.5477,5.121268272399902,5.14392451324359,-0.02265624084368767,-0.16021716921008572,0.13756092836639805,-0.007551386126640691,-0.02432518653965736,-1.337644883098584,0.9147679892440014,-0.2114384469272913,0.18711326038763393,-0.04705121751199357,0.18461214587839161,-0.20726838672207928,0.18461214587839161,4.936656126521511,0.1846121458783916,156.62241059839656,9.92528837621282,-0.2847947330795583,0.19069229805557117,-0.44501190228964405,0.03047512884548545,4.698912610953946,5.174399642089075,123.27027751477543,198.92571691083194,Train
2012-04-01,214.13277,5.371255397796631,5.152930016188304,0.21832538160832726,-0.14405426979064936,0.36237965139897665,-0.46416150555440644,-2.1873169051270374,-3.7563587121777995,-1.9774455884489641,-2.866902150313382,0.6795852451863444,-0.6076227575320795,0.9700024089310562,-0.7516770273227289,0.9700024089310562,4.401252988865575,0.9700024089310562,91.2773973329498,122.85536939068301,-0.7953880935935429,-0.4198574214706161,-0.9394423633841923,-0.5639116912612655,4.213487652804111,4.589018324927038,75.48035365063086,110.33732588948159,Train
2012-05-01,214.13277,5.371255397796631,5.161935519133016,0.20931987866361457,-0.08955182021666332,0.29887169888027787,-0.4731670084991197,-2.229976556024701,-3.1518451088981077,-1.4056409805855918,-2.2787430447418497,0.048766488717148615,-0.48346167215680236,0.7823333710370802,-0.5730134923734657,0.7823333710370802,4.58892202675955,0.7823333710370806,110.32660482524311,103.8061618983897,-0.6677745543380535,-0.29914878997555117,-0.7573263745547169,-0.38870061019221447,4.404609144578299,4.773234908940802,91.58761492525124,132.8582158307198,Train
2012-06-01,166.5477,5.121268272399902,5.17094102207773,-0.04967274967782753,-0.14997118280122543,0.1002984331233979,-0.46366435530318756,-2.184961872177641,-3.066212294859294,-1.320468167258245,-2.1933402310587695,0.008378358881128367,-0.4654330368087363,0.5657314699321342,-0.6154042196099617,0.5657314699321342,4.555536802467768,0.5657314699321345,106.67129728719497,59.8764016874144,-0.6496973656418644,-0.2811687079756082,-0.7996685484430899,-0.4311398907768337,4.37127247363464,4.739801131300896,88.5519329709761,128.45681767991397,Train
2012-07-01,95.17012,4.5661187171936035,5.179946525022443,-0.6138278078288391,-0.20406691832258123,-0.40976088950625783,-0.4888055111079064,-2.3040571560698866,-3.1535434213370546,-1.4081963726476467,-2.2808698969923507,-0.023187259077535938,-0.4839106531916168,0.07414976368535897,-0.687977571514198,0.07414976368535897,4.491968953508245,0.07414976368535875,100.03987021292315,-4.869749973665336,-0.6681330701099398,-0.2996882362732937,-0.8721999884325211,-0.5037551545958749,4.307746536589922,4.676191370426568,83.03999164931898,120.47853863723088,Train
2012-08-01,71.37759,4.281896591186523,5.188952027967156,-0.9070554367806327,-0.08793175430562446,-0.8191236824750082,-0.4826757258140942,-2.2750199659965467,-3.201671317842532,-1.4564081226172376,-2.329039720229885,0.05401975423333827,-0.494079360058266,-0.3250443224167422,-0.5820111143638905,-0.3250443224167422,4.606940913603266,-0.3250443224167423,112.35076813826605,-40.973181773519954,-0.6782929261936818,-0.30986579392285024,-0.7662246804993063,-0.3977975482284747,4.42272734746785,4.791154479738681,93.28042514919312,135.2785182311506,Train
2012-09-01,0.0,0.0,5.19795753091187,-5.19795753091187,-0.33471384323797376,-4.863243687673896,-0.43449665177058705,-2.046792570826432,-2.782223424612988,-1.036967324909848,-1.909595374761418,-0.1371971960650138,-0.40553416081786464,-4.457709526856032,-0.7402480040558383,-4.457709526856031,4.457709526856031,-4.457709526856031,96.63692647324261,-96.63692647324261,-0.5897469780167055,-0.22132134361902378,-0.9244608212546792,-0.5560351868569975,4.2734967096571905,4.641922344054873,80.21037010601356,116.38610966428146,Train
2012-10-01,214.13277,5.371255397796631,5.206963033856582,0.16429236394004842,0.1943786484854562,-0.030086284545407765,-0.5134497948164153,-2.4207987246510347,-3.3937535003699146,-1.6485039728287978,-2.521128736599356,0.10033001194832147,-0.5346295794379816,0.5045432948925739,-0.34025093095252545,0.5045432948925739,4.8667121029040565,0.5045432948925743,145.97438838495427,68.15837833867855,-0.7188417029412201,-0.3504174559347431,-0.5244630544557639,-0.15603880744928691,4.682499979400818,5.050924226407296,121.24732166229985,175.70301931688965,Train
2012-11-01,237.9253,5.476150989532471,5.215968536801296,0.2601824527311747,0.21869960106573258,0.041482851665442105,-0.5224552977611284,-2.4634583755486976,-3.3672902228266097,-1.622098919383816,-2.494694571105213,0.031236195556515245,-0.5290492957228239,0.570532147388266,-0.3103496946570913,0.570532147388266,4.905618842144205,0.5705321473882661,151.80537948487145,86.11991348387855,-0.7132552736379262,-0.3448433178077216,-0.49455567257219357,-0.12614371674198901,4.7214128642291024,5.089824820059307,126.09808411603238,182.7123207789584,Train
2012-12-01,333.0954,5.811426639556885,5.224974039746009,0.586452599810876,0.5939756652858491,-0.007523065474973056,-0.514808693467072,-2.427235915599526,-3.2653654398106973,-1.5202888065339908,-2.392827123172344,-0.03440879242718209,-0.5075449565398674,0.5000218910648944,0.08643070874598169,0.5000218910648944,5.311404748491991,0.5000218910648941,228.28161056775795,104.8137873814608,-0.6917388309508782,-0.3233510821288567,-0.09776316566502907,0.2706245831569924,5.12721087408098,5.495598622903001,189.71060350005578,274.6535608389999,Train
2013-01-01,285.51035,5.657774448394775,5.233979542690722,0.4237949057040531,0.17927765309866958,0.2445172526053835,-0.49424063665073786,-2.3298036978972125,-3.4571479713177355,-1.712085565266329,-2.5846167682920322,0.2548130703948197,-0.5480319782933777,0.7925492308987612,-0.3687543251947081,0.7925492308987612,4.865225217496015,0.7925492308987607,145.75601669857764,139.75432876040674,-0.7322243510123135,-0.36383960557444167,-0.5529466979136439,-0.1845619524757721,4.681032844777079,5.04941759021495,121.06809988741297,175.43699260574792,Train
2013-02-01,142.75517,4.968111515045166,5.242985045635435,-0.274873530590269,-0.005540502978890987,-0.269333027611378,-0.45698367666159284,-2.153315064624575,-2.9274717134350596,-1.1835509532090813,-2.0555113333220705,-0.09780373130250464,-0.43633719288324374,0.16700416527186573,-0.4418776958621347,0.16700416527186573,4.8011073497733,0.1670041652718659,136.6416529101503,6.113519819341889,-0.6204090642076959,-0.2522653215587915,-0.6259495671865869,-0.25780582453768247,4.617035478448848,4.985179221097752,113.50078953470972,164.45933606942722,Train
2013-03-01,71.37759,4.281896591186523,5.251990548580149,-0.9700939573936251,-0.16021716921008572,-0.8098767881835394,-0.384976135884789,-1.8122106787400458,-3.3010807387923733,-1.575944430239827,-2.4385125845161,0.6263019057760544,-0.5171892116616156,-0.2926875765219238,-0.6774063808717012,-0.2926875765219239,4.574584167708448,-0.29268757652192434,108.74180810199276,-37.364221737246666,-0.699278372962658,-0.33510005036057305,-0.8594955421727437,-0.4953172195706588,4.392495006407405,4.75667332900949,90.47276213938218,130.6595690763508,Train
2013-04-01,214.13277,5.371255397796631,5.260996051524861,0.11025934627176959,-0.14405426979064936,0.254313616062419,0.03279071720382308,0.16677797062108465,-0.1620746746788555,1.3481971666210129,0.5930612459710787,-0.426283275349994,0.12277962266053931,0.13153399340187966,-0.021274647130110055,0.13153399340187966,5.239721404394751,0.13153399340188,212.4211928562992,1.7115738673336125,-0.0366304665918357,0.28218971191291436,-0.18068473638248506,0.138135442122265,5.080311315142376,5.399131493647126,180.97286001558524,249.30438910673072,Train
2013-05-01,261.71783,5.571080684661865,5.270001554469575,0.3010791301922904,-0.08955182021666332,0.3906309504089537,0.0404373214978794,0.20300043057025585,-0.645029717936797,0.8475727353277858,0.1012715086954944,0.10172892187476146,0.01896222533023026,0.3716687250787234,-0.07058959488643306,0.37166872507872345,5.199411959583141,0.37166872507872384,203.9893854703511,57.728449002305155,-0.1385828495275736,0.17650730018803415,-0.2281346697442369,0.08695547997137083,5.041866884725338,5.356957034440946,174.10978581658455,238.96744647684037,Train
2013-06-01,237.9253,5.476150989532471,5.2790070574142876,0.19714393211818315,-0.14997118280122543,0.3471151149194086,0.031431818553166256,0.1603407796725926,-0.6527557929132436,0.8395956182480043,0.09341991266738034,0.06692086700521227,0.017304744088259938,0.32981037083114867,-0.1326664387129655,0.3298103708311486,5.146340618701322,0.32981037083114906,193.39396721937044,44.53132574937956,-0.14021383312653402,0.1748233213030539,-0.29018501592775947,0.024852138501828464,4.988822041486528,5.303859195916116,165.06317388096903,226.5580648505018,Train
2013-07-01,166.5477,5.121268272399902,5.288012560359001,-0.1667442879590988,-0.20406691832258123,0.037322630363482434,0.028159090342950114,0.14483765410727176,-0.6046566390954934,0.8874779944154757,0.14141067765999113,0.0034269764472806274,0.027435651546850195,0.009886978816632239,-0.17663126677573104,0.009886978816632253,5.11138129358327,0.00988697881663203,186.7155027854552,-20.16780381084581,-0.13006004465829113,0.18493134775199155,-0.33412696298087236,-0.019135570570589677,4.953885597378129,5.268876989788412,159.3616917468116,218.7352098382115,Train
2013-08-01,190.34024,5.254053115844727,5.297018063303714,-0.04296494745898727,-0.08793175430562446,0.04496680684663719,0.06160600222876269,0.30327784266901303,-0.5561282861560912,0.9359606657154469,0.1899161897796779,0.11336165288933514,0.03767522273500978,0.0072915841116274124,-0.05025653157061468,0.0072915841116274124,5.2467615317331,0.007291584111627003,213.92900660340896,-23.58876612489334,-0.11981565174597586,0.1951660972159954,-0.2077474060516003,0.10723434291037094,5.089270657252113,5.404252406214085,182.61054244704715,250.58946356716166,Train
2013-09-01,166.5477,5.121268272399902,5.306023566248427,-0.18475529384852507,-0.33471384323797376,0.1499585493894487,0.10284793008544107,0.4986435269082683,-0.135034747078858,1.3570504255932714,0.6110078392572067,-0.1123643123489384,0.12656816980719796,0.023390379582250737,-0.2081456734307758,0.023390379582250737,5.097877892817651,0.023390379582250986,184.1977425418591,-17.650043567249725,-0.03092230577704698,0.2840586453914429,-0.36563614901502073,-0.050655197846530886,4.940387417233406,5.255368368401896,157.21164425244405,215.78684906323443,Train
2013-10-01,261.71783,5.571080684661865,5.315029069193141,0.25605161546872424,0.1943786484854562,0.061672966983268046,0.19336362700289023,0.9274222475375211,0.3243705385613821,1.8164519126848067,1.0704112256230944,-0.14298897808557332,0.22354877001543397,-0.16187580303216592,0.41792741850089016,-0.16187580303216592,5.7329564876940315,-0.1618758030321663,348.4997085316213,-86.78187405896506,0.06605869537025938,0.3810388446606085,0.2604373438557156,0.5754174931460647,5.575466413048857,5.890446562339205,297.57246078439357,408.11357310979747,Train
2013-11-01,237.9253,5.476150989532471,5.324034572137854,0.152116417394617,0.21869960106573258,-0.06658318367111557,0.2210390608715315,1.0585225708093835,0.28572244517175827,1.7777709265381616,1.03174668585496,0.026775884954423512,0.21538663977266195,-0.2819698234437775,0.43408624083839453,-0.2819698234437775,5.758120812976248,-0.2819698234437773,357.4062261418905,-119.4809331731405,0.05790003697751406,0.3728732425678098,0.2765996380432466,0.5915728436335423,5.6006342101811,5.915607415771396,305.18223080452515,418.53781119088205,Train
2013-12-01,356.88794,5.88021993637085,5.333040075082567,0.5471798612882823,0.5939756652858491,-0.046795803997566776,0.21925803823789422,1.0500857512049429,0.2909422166956064,1.78292611208961,1.0369341643926082,0.013151586812334637,0.21648172264988697,-0.26327752664745374,0.8104573879357361,-0.26327752664745374,6.143497463018304,-0.2632775266474541,525.91734890248,-169.02940944935494,0.059001936942460066,0.37396150835731384,0.6529776022283091,0.967937173643163,5.986017677310876,6.30097724872573,449.1423730730991,615.7868416362815,Train
2014-01-01,475.8506,6.167203426361084,5.34204557802728,0.825157848333804,0.17927765309866958,0.6458801952351344,0.20151123598186096,0.9660179991382252,-0.00289525315395478,1.4890806256830988,0.743092686264572,0.22292531287365314,0.1544514378051077,0.4914287574300267,0.3337290909037773,0.49142875743002673,5.675774668931057,0.4914287574300271,329.0753325794838,146.7752533580162,-0.0030275017499750007,0.31193037736019036,0.1762501513486946,0.49120803045885997,5.518295729375975,5.83325360848614,280.981641963064,385.371695756449,Train
2014-02-01,261.71783,5.571080684661865,5.351051080971994,0.22002960368987168,-0.005540502978890987,0.22557010666876268,0.22999010072564477,1.1009242265183201,0.3242068084683163,1.815540909987279,1.0698738592277977,0.031050367290522463,0.22343533133149246,0.002134775337270217,0.21789482835260146,0.002134775337270217,5.568945909324595,0.002134775337269801,295.6319513667062,-33.914116894049926,0.06602413175325325,0.38084653090973164,0.060483628774362266,0.37530602793084067,5.4115347097463555,5.7263571089028344,252.4283017689215,346.2008215240716,Train
2014-03-01,237.9253,5.476150989532471,5.360056583916706,0.11609440561576445,-0.16021716921008572,0.27631157482585017,0.24740356184902645,1.183412920043161,-0.4535837829609304,1.0272154582055912,0.2868158376223304,0.8965970824208305,0.05813085342176898,0.21818072140408118,-0.10208631578831674,0.21818072140408118,5.257970268128389,0.21818072140408162,216.35164115408134,21.573651814668665,-0.09816838539343399,0.21443009223697193,-0.2583855546035197,0.05421292302688621,5.101671029313186,5.414269506943593,184.90155684598042,253.1223253526187,Train
2014-04-01,333.0954,5.811426639556885,5.36906208686142,0.44236455269546493,-0.14405426979064936,0.5864188224861143,0.28975477188140475,1.384033345816884,0.8611541208077245,2.2255521060854333,1.5433531134465788,-0.1593197676296947,0.3233873639525888,0.2630314585335255,0.17933309416193946,0.2630314585335255,5.548395181023359,0.2630314585335256,289.59816048123145,43.497237467987304,0.179374346784976,0.4674003811202017,0.03532007699432663,0.3233461113295524,5.404382163855747,5.692408198190972,250.62211134072433,334.6115661899228,Train
2014-05-01,285.51035,5.657774448394775,5.3780675898061325,0.27970685858864286,-0.08955182021666332,0.36925867880530616,0.29462161422528615,1.4070878933128497,0.6985684170983555,2.0524926288348686,1.375530522966612,0.031557370346237734,0.2879598158842216,0.08129886292108457,0.1984079956675583,0.08129886292108457,5.576475585473691,0.08129886292108424,297.8739239672128,-12.363578508228443,0.1450523117304607,0.4308673200379825,0.05550049151379739,0.3413154998213192,5.43356808131993,5.719383089627452,258.07415186003965,343.7878601019829,Train
2014-06-01,214.13277,5.371255397796631,5.387073092750846,-0.015817694954215256,-0.14997118280122543,0.13415348784701017,0.25604255151952565,1.2243363738152093,0.47824656967093093,1.8320210262861116,1.1551337979785212,0.0692025758366881,0.2414338056117347,-0.10728031776472452,0.09146262281050926,-0.10728031776472452,5.478535715561355,-0.10728031776472413,269.99000968865516,-55.85724296502235,0.09854210819991571,0.38432550302355367,-0.051429074601309716,0.23435432022232824,5.335644018149536,5.6214274129731745,233.90713320056167,311.6153912421162,Train
2014-07-01,261.71783,5.571080684661865,5.396078595695559,0.17500208896630642,-0.20406691832258123,0.37906900728888765,0.22127544426573054,1.0596423342625125,0.33103546446331666,1.6846806444651228,1.0078580544642197,0.05178427979829281,0.2103437213284732,0.16872528596041445,0.006276803005891979,0.16872528596041445,5.4023553987014505,0.1687252859604147,250.11264886819836,11.605185604457887,0.06746566913992647,0.35322177351701994,-0.13660124918265476,0.14915485519443872,5.259477346512904,5.545233450889998,216.6794540721386,288.68081847865153,Train
2014-08-01,261.71783,5.571080684661865,5.405084098640272,0.16599658602159284,-0.08793175430562446,0.2539283403272173,0.14594093894064628,0.7027779017653875,-0.23866297001472303,1.1149551024760318,0.43814606623065433,0.26463183553473313,0.09007684432135753,0.16385149600585974,0.00214509001573307,0.16385149600585977,5.4072291886560055,0.1638514960058597,251.33950646829126,10.378328004364988,-0.052798346653308396,0.2329520352960235,-0.14073010095893285,0.14502028099039904,5.264353997681339,5.550104379630671,217.7435934455213,290.09527516525526,Train
2014-09-01,309.3029,5.737548828125,5.414089601584985,0.3234592265400149,-0.33471384323797376,0.6581730697779886,0.08668800519454152,0.4220929157308054,-0.45089995679051836,0.9027159843339221,0.22590801377170183,0.19618490195910354,0.045273139504730074,0.6128999302732585,-0.2894407037332437,0.6128999302732586,5.124648897851741,0.612899930273259,189.2226328187765,120.08025414411412,-0.09760182650295635,0.1881481055124165,-0.4323156697409301,-0.14656573772555725,4.981773931844055,5.267523863859428,163.896857415186,218.43808149963394,Train
2014-10-01,309.3029,5.737548828125,5.423095104529699,0.3144537235953013,0.1943786484854562,0.12007507510984514,0.04810894248878095,0.23934139623316472,-0.42643483267990245,0.9271785548071195,0.25037186106360854,-0.011030464830443815,0.05043748670847961,0.06963758840136552,0.2448161351939358,0.06963758840136552,5.667911239723635,0.06963758840136514,326.48998673239026,-17.18709976949964,-0.09243720976126162,0.19331218317822085,0.10194143872419457,0.387690831663677,5.5250365432538935,5.810785936193375,282.888848569183,376.787616352407,Train
2014-11-01,166.5477,5.121268272399902,5.432100607474411,-0.310832335074509,0.21869960106573258,-0.5295319361402416,-0.04625041177429156,-0.20764497826519185,-1.0411664956536968,0.3124257901465196,-0.36437035275358853,0.15672537448839668,-0.07933532437360773,-0.4501966117666339,0.13936427669212487,-0.4501966117666339,5.571464884166536,-0.45019661176663384,296.380101679824,-129.83240270521463,-0.22220779354778197,0.0635371448005665,-0.0035081924820493937,0.2822367458662991,5.428592414992362,5.71433735334071,256.7882869964111,342.0525331677838,Train
2014-12-01,261.71783,5.571080684661865,5.441106110419125,0.12997457424274028,0.5939756652858491,-0.4640010910431088,-0.05525591471900477,-0.2503046291628554,-0.8780380651266355,0.47551304436274133,-0.2012625103819471,-0.049042118780908306,-0.04490306522766883,-0.41909802581544,0.5490726000581803,-0.41909802581544,5.990178710477306,-0.4190980258154404,451.019332754645,-189.30149828198876,-0.18777118821779426,0.0979650577624566,0.40620447706805485,0.6919407230483057,5.84731058748718,6.13304683346743,390.84126733198076,520.4394047241749,Train
2015-01-01,214.13277,5.371255397796631,5.450111613363838,-0.07885621556720679,0.17927765309866958,-0.2581338686658764,-0.055520118352397924,-0.2515561788914647,-1.0275985171428974,0.32594747515896194,-0.35082552099196773,0.09926934210050303,-0.07647599430999481,-0.1816578743558816,0.10280165878867477,-0.18165787435588154,5.552913272152512,-0.18165787435588143,290.91407993575297,-76.78131321212015,-0.2193435771779405,0.06639158855795092,-0.040065924079270926,0.24566924165662052,5.4100456892845665,5.695780855020458,252.05122265092345,335.7453797379477,Train
2015-02-01,142.75517,4.968111515045166,5.459117116308551,-0.4910056012633852,-0.005540502978890987,-0.48546509828449425,-0.10200998898560805,-0.4717817080668862,-1.275377285881479,0.07776108279926364,-0.5988081015411076,0.12702639347422146,-0.12882541143790602,-0.3566396868465882,-0.13436591441679702,-0.3566396868465882,5.324751201891754,-0.356639686846588,231.36221876714555,-88.60704603765336,-0.2716499693907029,0.013999146514890868,-0.2771904723695939,0.008458643535999882,5.181926643938957,5.467575759844551,200.43623585969374,267.0361876301042,Train
2015-03-01,166.5477,5.121268272399902,5.468122619253265,-0.34685434685336247,-0.16021716921008572,-0.18663717764327675,-0.11892629985777074,-0.5519153686423303,-1.8009680314757406,-0.45451295523997337,-1.127740493357857,0.5758251247155267,-0.24048366723298154,0.05384648958970478,-0.40070083644306725,0.05384648958970478,5.0674217828101975,0.05384648958970484,178.6423667028864,-12.094667728277017,-0.3826027997014257,-0.0983645347645374,-0.5428199689115114,-0.2585817039746231,4.925302650341753,5.209540915278642,154.84296885334433,206.07626498686133,Train
2015-04-01,118.96265,4.787180423736572,5.4771281221979775,-0.6899476984614052,-0.14405426979064936,-0.5458934286707559,-0.15845625532984806,-0.7391713287804573,-1.3532850409049915,-0.07930253106955387,-0.7162937859872727,-0.022877542793184658,-0.15362677888884158,-0.3922666497819143,-0.29768104867949097,-0.3922666497819143,5.179447073518487,-0.3922666497819147,199.93737925827372,-80.97473277389872,-0.2880963889585354,-0.01915716881914773,-0.4321506587491848,-0.1632114386097971,5.0449774634487925,5.313916683588181,174.65532662455527,228.85827506092298,Train
2015-05-01,285.51035,5.657774448394775,5.486133625142691,0.1716408232520843,-0.08955182021666332,0.2611926434687476,-0.1741096232520799,-0.8133223467785267,-1.4131787687775195,-0.14603616247876672,-0.7796074656281431,-0.03371488115038357,-0.16699237181913243,0.42818501528788,-0.25654419203579576,0.42818501528788006,5.229589433106895,0.42818501528788033,210.26973312730016,75.24061233168422,-0.30074002601078903,-0.03324471762747582,-0.39029184622745233,-0.12279653784413913,5.095841778915239,5.363337087298552,183.82104247583732,240.50334581905653,Train
2015-06-01,237.9253,5.476150989532471,5.495139128087404,-0.018988138554933087,-0.14997118280122543,0.13098304424629234,-0.13175841321970164,-0.6127019210048035,-1.1438714187831063,0.12317303152330339,-0.5103491936299015,-0.10235272737490198,-0.11015163097046876,0.2411346752167611,-0.2601228137716942,0.24113467521676113,5.235016314315709,0.24113467521676135,211.4193855640659,26.50590740468411,-0.24388892473887427,0.023585662797936773,-0.3938601075400997,-0.12638552000328865,5.101279020547304,5.368753608084115,184.82869608806666,241.81500281329758,Train
2015-07-01,166.5477,5.121268272399902,5.504144631032117,-0.38287635863221503,-0.20406691832258123,-0.1788094403096338,-0.0910870210228132,-0.4200389011498395,-0.8302543168065303,0.4367054301290315,-0.19677444333874938,-0.2232644578110901,-0.04395562894717641,-0.1348538113624574,-0.24802254726975764,-0.1348538113624574,5.25612208376236,-0.13485381136245778,215.95030623367182,-49.40260725906245,-0.1776839822245143,0.08977272433016147,-0.3817509005470955,-0.11429419399241976,5.122393730485022,5.389850437039698,188.79413229663413,246.99204698974063,Train
2015-08-01,237.9253,5.476150989532471,5.51315013397683,-0.036999144444359366,-0.08793175430562446,0.05093260986126509,-0.09135122465620643,-0.4212904508784492,-1.0863586851499196,0.1805833782689984,-0.45288765344046067,0.031597202562011484,-0.0980214316253047,0.1489540414865698,-0.18595318593092916,0.1489540414865698,5.327196948045901,0.14895404148656954,231.9312132945246,5.9940796742253895,-0.23174791839696499,0.03570505514635563,-0.31967967270258946,-0.05222669915926883,5.193470461274241,5.460923434817561,202.77505243437903,265.25904142182196,Train
2015-09-01,214.13277,5.371255397796631,5.522155636921544,-0.1509002391249128,-0.33471384323797376,0.18381360411306097,-0.0362369515109334,-0.16021056824556484,-0.7672749154905156,0.4996658196081887,-0.1338045479411635,-0.02640602030440134,-0.030662609278740705,0.21447621339180167,-0.36537645251671447,0.21447621339180167,5.156779184404829,0.21447621339180145,195.43378930481455,18.69897741881826,-0.16438895584541402,0.10306373728793264,-0.4991027990833878,-0.23165010595004112,5.023052837838156,5.290505530971503,170.8460603089202,223.53952980524244,Train
2015-10-01,285.51035,5.657774448394775,5.531161139866256,0.12661330852851904,0.1943786484854562,-0.06776533995693715,-0.015668894694599183,-0.06277835054325093,-0.47168964672894775,0.7952492412320684,0.16177979725156036,-0.22455814779481129,0.03173559687230852,-0.09950093682924567,0.2261142453577647,-0.09950093682924566,5.7572753852240215,-0.0995009368292461,357.1033476207332,-71.59300216174881,-0.10199055472788551,0.16546174847250253,0.09238809375757068,0.3598403969579587,5.623549233623827,5.8910015368242155,312.27940924940134,408.3406837188122,Train
2015-11-01,309.3029,5.737548828125,5.54016664281097,0.19738218531403007,0.21869960106573258,-0.021317415751702512,0.04787510441553786,0.2382336901303103,-0.3837440008532488,0.8831801833893943,0.24971809126807276,-0.011484401137762473,0.050299475128568055,-0.07161689088027057,0.26899907619430063,-0.07161689088027057,5.809165719005271,-0.07161689088027057,376.17601396108626,-66.87312699819563,-0.08342512448542448,0.18402407474256058,0.1352744765803081,0.40272367580829316,5.675441119391278,5.942890318619263,328.9652544634827,430.1415931925575,Train
2015-12-01,475.8506,6.167203426361084,5.549172145755683,0.6180312806054014,0.5939756652858491,0.024055615319552248,0.06277038850644891,0.30879361590467497,-0.28427271678756344,0.9826229214769422,0.34917510234468935,-0.04038148644001438,0.0712949682297997,-0.047239352910247445,0.6652706335156489,-0.0472393529102475,6.214442779271332,-0.047239352910247945,564.657640240996,-88.80705430349599,-0.06242661833925729,0.20501655479885672,0.5315490469465918,0.7989922200847058,6.080721192702274,6.348164365840389,493.85630758678514,645.5888401491122,Train
2016-01-01,237.9253,5.476150989532471,5.558177648700396,-0.08202665916792551,0.17927765309866958,-0.2613043122665951,0.07554803877777981,0.369322173078421,-0.18758639866891919,1.0793056884114451,0.445859644871263,-0.07653747179284198,0.09170518992898843,-0.3530095021955836,0.270982843027658,-0.3530095021955835,5.829160491728055,-0.3530095021955839,383.79346344168914,-145.86817047293914,-0.04201602181047469,0.22542640166845157,0.1372616312881949,0.4047040547671211,5.695439279988591,5.9628817034675174,335.6303755665275,438.84744174753916,Train
2016-02-01,309.3029,5.737548828125,5.567183151645109,0.1703656764798911,-0.005540502978890987,0.1759061794587821,0.08737479628279404,0.4253462896116811,-0.22031626009994304,1.0462941015591323,0.41298892072959464,0.012357368882086439,0.08476614104265864,0.09114003841612345,0.07922563806376766,0.09114003841612343,5.646408789708876,0.09114003841612384,319.5233183031481,-10.220431340257448,-0.04892533441137279,0.21845761649669007,-0.054465837390263776,0.21291711351779907,5.512717314254846,5.780100265162908,279.4130106138892,365.37100878860815,Train
2016-03-01,237.9253,5.476150989532471,5.5761886545898225,-0.10003766505735179,-0.16021716921008572,0.06017950415273393,0.06962799402676084,0.3412785375449637,-0.44772038153320126,0.8142739907405571,0.18327680460367787,0.1580017329412858,0.03627364064290625,0.02390586350982768,-0.12394352856717947,0.02390586350982768,5.452245126022643,0.023905863509827263,262.9583606890975,-25.033067720347503,-0.09693061439174157,0.16947789567755409,-0.2571477836018273,0.009260726467468366,5.319040870987995,5.585449381057291,230.03913482725338,300.56802755416516,Train
2016-04-01,285.51035,5.657774448394775,5.585194157534536,0.07258029086023932,-0.14405426979064936,0.21663456065088868,0.0606224910820477,0.29861888664730046,-0.3075038595346485,0.904987151422268,0.29874164594380975,-0.0001227592965092894,0.06064840571526534,0.15598615493562334,-0.08340586407538403,0.15598615493562334,5.501788293459152,0.15598615493562296,276.3650569023825,9.145288556601884,-0.06733074015028191,0.18862755158081262,-0.2113850099409313,0.04457328179016326,5.3738091475936045,5.6297674393246995,243.04567188039474,314.23351427500586,Train
2016-05-01,380.68048,5.944583892822266,5.594199660479249,0.35038423234301685,-0.08955182021666332,0.43993605255968016,0.07551777517295867,0.3691788124216648,-0.3111244926273648,0.8965623460873702,0.2927189267300027,0.07645988569166207,0.05937700253980967,0.3805590500198705,-0.03017481767685365,0.3805590500198705,5.564024842802395,0.3805590500198708,294.17579166942687,86.50468928760438,-0.06809506009411832,0.18684906517373764,-0.15764688031078164,0.09729724495707433,5.436552780168467,5.691496905436323,258.84856530333803,334.3058651140211,Train
2016-06-01,309.3029,5.737548828125,5.603205163423962,0.13434366470103765,-0.14997118280122543,0.2843148475022631,0.078401531248733,0.38283935178540673,-0.2673374166359632,0.940280324601269,0.3364714539826529,0.046367897802753855,0.06861321298038704,0.21570163452187607,-0.08135796982083839,0.21570163452187602,5.521847193603124,0.21570163452187607,281.9848700871381,27.318016875752505,-0.058851556373778556,0.19607798233455265,-0.208822739175004,0.04610679953332722,5.394382424248958,5.64931196295729,248.11849436925502,320.4552050862008,Train
2016-07-01,214.13277,5.371255397796631,5.612210666368675,-0.2409552685720442,-0.20406691832258123,-0.036888350249462964,0.07732265133054973,0.3777286277144966,-0.09060987590131753,1.1169482573206797,0.513169190709681,-0.13544056299518442,0.10591431495697552,-0.14280266520643847,-0.0981526033656057,-0.14280266520643847,5.51405806300307,-0.14280266520643892,279.78922615575664,-65.65645943212382,-0.02154416273580241,0.2333727926497535,-0.22561108105838362,0.02930587432717227,5.386599585310291,5.641516540695847,246.18717059065207,317.959067886714,Train
2016-08-01,214.13277,5.371255397796631,5.621216169313389,-0.24996077151675777,-0.08793175430562446,-0.16202901721113333,0.07622795631328615,0.3725429864946143,-0.38235277769268183,0.8251929553541244,0.22142008883072128,0.15112289766389303,0.04432573322218439,-0.20635475043331772,-0.04360602108344007,-0.2063547504333177,5.577610148229948,-0.2063547504333174,298.2132076230676,-84.08044089943479,-0.08313143562474219,0.17178290206911095,-0.17106318993036665,0.0838511477634865,5.450152979383022,5.7050673170768755,262.4066983722354,338.88711816875286,Train
2016-09-01,214.13277,5.371255397796631,5.630221672258101,-0.25896627446147047,-0.33471384323797376,0.0757475687765033,0.06722245336857292,0.3298833355969507,-0.3283997748411146,0.8791450613142954,0.2753726432365904,0.054510692360360324,0.05571518150300623,0.020032387273497064,-0.2789986617349675,0.020032387273497043,5.3512230105231335,0.02003238727349732,237.59540481837004,-23.46263809473723,-0.07174189267650113,0.1831722556825136,-0.4064557359144749,-0.15154158755546016,5.223765936343627,5.478680084702641,209.04297998365382,270.0291351078347,Train
2016-10-01,380.68048,5.944583892822266,5.639227175202815,0.3053567176194507,0.1943786484854562,0.11097806913399452,0.119862140344921,0.57924094322414,0.012016060729236333,1.219559493736963,0.6157877772330996,-0.03654683400895964,0.1275772203880551,-0.016599151254060585,0.3219558688735113,-0.016599151254060585,5.961183044076326,-0.016599151254060196,438.1009249782862,-57.42044402125492,0.00012029431161853822,0.25503414646449163,0.19449894279707472,0.4494127949499478,5.833726117999889,6.088639970152762,385.5543031970165,497.7905210785261,Train
2016-11-01,356.88794,5.88021993637085,5.648232678147528,0.231987258223322,0.21869960106573258,0.013287657157589422,0.11085663740020785,0.5365812923264767,-0.12837590219225647,1.0791566709078544,0.4753903843577989,0.061190907968677766,0.0979391640898066,-0.08465150693221718,0.3166387651555392,-0.08465150693221718,5.964871443303067,-0.08465150693221712,439.7234949939406,-82.83555554081562,-0.029516615716935334,0.22539494389654857,0.18918298534879724,0.4440945449622812,5.837415663496325,6.092327223109809,386.9831471570298,499.6330828103203,Train
2016-12-01,523.43567,6.262322902679443,5.657238181092241,0.6050847215872022,0.5939756652858491,0.01110905630135306,0.08459821239738917,0.4121934318571915,-0.23847540372995957,0.9690361679178149,0.36528038209392766,0.046913049763263825,0.07469481190304315,-0.0635857556016901,0.6686704771888923,-0.06358575560169011,6.325908658281134,-0.06358575560169033,631.3574997005932,-107.92183075528067,-0.05275875118793953,0.20214837499402585,0.5412169140979096,0.7961240402798749,6.198455095190151,6.4533622213721165,555.6859936164536,717.3151938668909,Train
2017-01-01,261.71783,5.571080684661865,5.666243684036954,-0.09516299937508865,0.17927765309866958,-0.27444065247375826,0.04506825692531193,0.2249374717190648,-0.39396040793009157,0.8135485490310048,0.20979407055045662,0.015143401168608184,0.04187146696226177,-0.31631211943602006,0.22114912006093135,-0.31631211943602,5.887392804097885,-0.3163121194360201,406.86614480591055,-145.1483103332543,-0.08558182014699013,0.16932475407151368,0.09369583295167945,0.34860240717018326,5.759939516988633,6.014846091207137,358.05865409026694,462.30812580001094,Train
2017-02-01,309.3029,5.737548828125,5.6752491869816675,0.06229964114333253,-0.005540502978890987,0.06784014412222351,0.06658720650796289,0.3268741300618651,-0.1994833878461782,1.007818787561055,0.40416769985743833,-0.07729356979557322,0.08290397084509334,-0.015063826722869822,0.07736346786620235,-0.015063826722869822,5.75261265484787,-0.01506382672287021,355.43749499292045,-46.134608030029824,-0.04452749034841566,0.21033543203860236,-0.050067993327306645,0.20479492905971136,5.6251811936543605,5.880044116041379,312.7910861282309,403.87984985306423,Train
2017-03-01,499.6431,6.215893268585205,5.68425468992638,0.5316385786588249,-0.16021716921008572,0.6918557478689107,0.11515005499096377,0.5569194896158418,0.05119656242164139,1.2551120870398877,0.6531543247307646,-0.09623483511492281,0.1354653429217165,0.5563904049471942,-0.024751826288369222,0.5563904049471942,5.659502863638011,0.5563904049471944,323.7478722802454,175.8952246435827,0.008391344729089718,0.26253934111434324,-0.151825824480996,0.10232217190425752,5.532428865445384,5.786576861830637,284.9952223089063,367.7515466137295,Train
2017-04-01,285.51035,5.657774448394775,5.693260192871094,-0.03548574447631836,-0.14405426979064936,0.108568525314331,0.16820828578292457,0.8082597664142067,0.21726614676058797,1.3851173850386012,0.8011917658995945,0.007068000514612205,0.16671622248404136,-0.058147697169710355,0.022661952693391996,-0.058147697169710355,5.715922145564486,-0.058147697169710355,342.59663118196744,-57.086285722983064,0.04344883112013736,0.28998361384794535,-0.100605438670512,0.145929344057296,5.592654754200582,5.83918953692839,302.7487848709505,387.6719909340704,Train
2017-05-01,309.3029,5.737548828125,5.702265695815807,0.035283132309192666,-0.08955182021666332,0.12483495252585598,0.16424199792610203,0.7894712038685664,0.11668252572131343,1.2809716158504778,0.6988270707858957,0.09064413308267072,0.14510691383094185,-0.020271961305085864,0.05555509361427853,-0.020271961305085864,5.7578207894300855,-0.020271961305085462,357.2987119641556,-47.99582500126496,0.022215509318417793,0.2679983183434658,-0.06733631089824552,0.17844649812680252,5.6349293849175615,5.8807121939426095,315.8649395665018,404.1504315081527,Train
2017-06-01,214.13277,5.371255397796631,5.71127119876052,-0.34001580096388917,-0.14997118280122543,-0.19004461816266374,0.20714117332611537,0.9926873770903591,0.43067414608970966,1.5949119270121,1.0127930365509048,-0.020105659460545655,0.2113855019051676,-0.40143012006783135,0.06141431910394218,-0.40143012006783135,5.7726855178644625,-0.40143012006783163,362.66450675521975,-148.53174003158693,0.08849951310987253,0.3342714907004627,-0.0614716696913529,0.18430030789923726,5.649799529069167,5.895571506659757,320.61197396517815,410.21563927789714,Train
2017-07-01,309.3029,5.737548828125,5.720276701705233,0.017272126419767275,-0.20406691832258123,0.2213390447423485,0.19813567038140223,0.9500277261926959,0.41512969765959973,1.579323228335872,0.9972264629977359,-0.04719873680503994,0.2080993797493992,0.01323966499294929,0.004032461426817985,0.01323966499294929,5.724309163132051,0.013239664992949152,345.49050066757775,-36.187613704687124,0.08521806159384605,0.3309806979049523,-0.11884885672873517,0.1269137795823711,5.601427844976498,5.847190481287604,305.42532412752433,390.79420759266424,Train
2017-08-01,428.26553,6.062075614929199,5.729282204649946,0.3327934102792529,-0.08793175430562446,0.42072516458487735,0.23004641162563352,1.1011909748998376,0.4935367847864913,1.6577211365571551,1.0756289606718232,0.025562014228014407,0.22465024007806483,0.19607492450681252,0.1367184857724404,0.19607492450681252,5.8660006904223865,0.19607492450681274,398.23368831514534,30.03184513212028,0.10176989076144669,0.34753058939468295,0.013838136455822228,0.2595988350890585,5.743120341105769,5.988881039739005,352.07008599706165,450.43314091763995,Train
2017-09-01,452.05804,6.116020202636719,5.73828770759466,0.37773249504205886,-0.33471384323797376,0.7124463382800326,0.2786687852805501,1.331518309049696,0.6386600424970447,1.8028437506698625,1.2207518965834536,0.11076641246624241,0.25528586412085774,0.4571604741591748,-0.07942797911711602,0.4571604741591749,5.658859728477544,0.45716047415917505,323.5390826524672,128.51896178112656,0.13240558273637426,0.3781661455053412,-0.2023082605015995,0.04345230226736746,5.535979447093061,5.781740009862028,286.01247655000043,365.9722565198529,Train
2017-10-01,404.473,6.005054473876953,5.747293210539373,0.25776126333758054,0.1943786484854562,0.06338261485212435,0.22315338065330106,1.0685382405981836,0.40421343722572556,1.5683960399573764,0.986304738591551,0.0822335020066326,0.20579379076234466,-0.14241117591022032,0.4001724392478009,-0.14241117591022034,6.147465649787174,-0.14241117591022068,528.0124094012021,-123.53941745784277,0.08291362605783247,0.32867395546685685,0.27729227454328864,0.523052603952313,6.024585485082661,6.2703458144916855,466.84251136373075,597.1802048828529,Train
2017-11-01,666.1908,6.503076076507568,5.756298713484086,0.7467773630234822,0.21869960106573258,0.5280777619577496,0.24783964158645658,1.185478658012103,0.6659431906919415,1.8301174187523415,1.2480303047221415,-0.06255164671003843,0.26104436846045836,0.2670333934972912,0.4797439695261909,0.26703339349729127,6.236042683010277,0.26703339349729127,577.0087014851267,89.18209441331078,0.1381650877074674,0.38392364921344935,0.3568646887732,0.602623250279182,6.113163402257286,6.358921963763268,510.17379615847256,652.5821309763452,Train
2017-12-01,523.43567,6.262322902679443,5.765304216428799,0.4970186862506445,0.5939756652858491,-0.09695697903520462,0.20830968611437936,0.9982226978739764,0.4397236382103802,1.6038817195999304,1.0218026789051553,-0.023579981031178865,0.21328744810127348,-0.3102444271364781,0.8072631133871226,-0.31024442713647815,6.5725673298159215,-0.31024442713647815,808.2545941502871,-284.81892520497456,0.09040987163897433,0.3361650245635726,0.6843855369248234,0.9301406898494218,6.449689753353622,6.695444906278221,714.6820423320631,914.061381195712,Train
2018-01-01,428.26553,6.062075614929199,5.7743097193735125,0.28776589555568677,0.17927765309866958,0.10848824245701719,0.21595629040843567,1.0344451578231475,0.4134433963469424,1.577599466245598,0.9955214312962702,0.038923726526877256,0.20773944553321885,-0.09925120307620167,0.38701709863188843,-0.09925120307620167,6.161326818005401,-0.09925120307620183,535.3961951240326,-107.13066167676698,0.08486208138497751,0.3306168096814602,0.2641397344836471,0.5098944627801297,6.03844945385716,6.284204182153642,473.37383575642673,605.5277139173276,Train
2018-02-01,618.6058,6.429083347320557,5.783315222318225,0.6457681250023315,-0.005540502978890987,0.6513086279812225,0.20695078746372245,0.991785506925484,0.31859554998258466,1.4825929263483846,0.9005942381654846,0.09119126875999939,0.18770020237758694,0.4636084256036355,0.18215969939869595,0.4636084256036356,5.965474921716921,0.4636084256036357,439.98954237850046,178.6162315472808,0.06483958842592914,0.31056081632924476,0.05929908544703816,0.3050203133503538,5.842614307765263,6.088335535668579,389.00538541571035,497.63869515522185,Train
2018-03-01,285.51035,5.657774448394775,5.792320725262939,-0.13454627686816334,-0.16021716921008572,0.02567089234192238,0.19319352276465548,0.9266164527402891,0.3175264824590076,1.478925492856317,0.8982259876576623,0.02839046508262688,0.18720026188409405,-0.16152936954217167,0.026983092674008335,-0.16152936954217167,5.819303817936947,-0.16152936954217179,380.019310648182,-94.50896518919762,0.06461390700263842,0.3097866167655497,-0.0956032622074473,0.14956944755546397,5.696717463055491,5.941890172818403,336.0609259148456,429.7106043003416,Train
2018-04-01,428.26553,6.062075614929199,5.801326228207651,0.2607493867215478,-0.14405426979064936,0.4048036565121972,0.1963799114901694,0.9417105825728127,0.3536193391263218,1.487479787839728,0.9205495634830249,0.021161019089787847,0.19191279524059282,0.21289086127160436,0.047858525449943456,0.21289086127160434,5.849184753657595,0.21289086127160406,391.57633158050146,36.689201866764165,0.07223315189004587,0.3115924385911398,-0.0718211179006035,0.1675381688004904,5.729505110307048,5.968864397008142,347.2955323693718,441.4868015641427,Train
2018-05-01,214.13277,5.371255397796631,5.810331731152365,-0.43907633335573415,-0.08955182021666332,-0.34952451313907085,0.19662155260877,0.9428552522070694,0.2012854276679451,1.3323934671128712,0.7668394473904081,0.17601580481666135,0.15946440726796446,-0.5089889204070353,0.06991258705130114,-0.5089889204070353,5.880244318203666,-0.5089889204070355,403.9609157889885,-189.82814906535566,0.040075282349364076,0.27885353218656483,-0.04947653786729924,0.18930171196990153,5.760855193285066,5.999633443122266,358.3875861635144,455.3133219688958,Train
2018-06-01,261.71783,5.571080684661865,5.819337234097079,-0.24825654943521336,-0.14997118280122543,-0.09828536663398793,0.1933571293123926,0.9273914675566615,0.39788969496274484,1.5289580483774199,0.9634238716700824,-0.0360324041134209,0.20096361259391146,-0.2992489792278994,0.050992429792686034,-0.2992489792278994,5.870329663889764,-0.29924897922789917,399.96570658487644,-138.2478721122202,0.0815786765593592,0.3203485486284637,-0.06839250624186623,0.17037736582723825,5.750944727855212,5.989714599924317,354.8434787993598,450.80959448679505,Train
2018-07-01,309.3029,5.737548828125,5.828342737041791,-0.09079390891679129,-0.20406691832258123,0.11327300940578994,0.22532950175932168,1.0788466672639452,0.47788200330496977,1.6089161387449993,1.0433990710249845,0.035447596238960655,0.21784647211431235,-0.10457346270852241,0.013779553791731125,-0.10457346270852241,5.842122290833522,-0.10457346270852241,388.81354336125537,-79.51065639836474,0.0984651478072936,0.3372277964213311,-0.10560177051528763,0.13316087809874988,5.722740966526503,5.961503615140542,344.9475612697049,438.24171059379614,Train
2018-08-01,404.473,6.005054473876953,5.837348239986504,0.16770623389044914,-0.08793175430562446,0.2556379881960736,0.2559939893541593,1.2241063316916232,0.5666275163128242,1.69765457046114,1.132141043386982,0.09196528830464112,0.2365800078233305,0.01905798037274309,0.14864825351770605,0.01905798037274309,5.98599649350421,0.01905798037274309,449.1328374450965,-44.65984550173715,0.11719943095085512,0.3559605846958059,0.029267676645230667,0.26802883039018144,5.866615916631734,6.105377070376686,398.4793829149805,506.2090826511975,Train
2018-09-01,523.43567,6.262322902679443,5.846353742931218,0.4159691597482258,-0.33471384323797376,0.7506830029861995,0.24372548973586208,1.165989654148152,0.6727881740386336,1.8038147442500838,1.2383014591443586,-0.0723118049962066,0.25899059761011645,0.49169240537608305,-0.07572324562785732,0.4916924053760831,5.77063049730336,0.4916924053760834,361.9179360882675,161.51773285704502,0.13961007181746451,0.3783711234027684,-0.19510377142050925,0.04365728016479464,5.651249971510708,5.8900110230960125,321.0787920864926,407.935426891436,Validate
2018-10-01,452.05804,6.116020202636719,5.855359245875931,0.2606609567607876,0.1943786484854562,0.06628230827533141,0.3162738035864981,1.5096557171190326,0.9087257349778823,2.0397514091946007,1.4742385720862416,0.03541714503279092,0.3087972022272591,-0.24251489395192768,0.5031758507127153,-0.2425148939519277,6.358535096588646,-0.2425148939519275,652.3293304072251,-200.2712859736314,0.18941677100738286,0.4281776334471353,0.383795419492839,0.6225562819325915,6.23915466536877,6.4779155278085225,578.8102561163995,735.1705134871971,Validate
2018-11-01,713.7759,6.571969032287598,5.864364748820644,0.7076042834669538,0.21869960106573258,0.4889046824012212,0.2802244017414349,1.3388873650101922,0.855238772639032,1.9862577709443905,1.4207482717917113,-0.08186090678151903,0.29750533633807125,0.19139934606314996,0.5162049374038038,0.19139934606315,6.380569686224447,0.19139934606315023,666.8849487186139,46.89093018763606,0.1781256097646015,0.41688506291154104,0.39682521083033406,0.6355846639772736,6.261189959650978,6.499949412797918,591.728350039689,751.5712321588754,Validate
2018-12-01,856.53107,6.75405740737915,5.873370251765357,0.880687155613793,0.5939756652858491,0.28671149032794385,0.3332826325333958,1.5902276418085577,1.0897847920616073,2.2207909494106235,1.6552878707361154,-0.0650602289275577,0.3470169240913918,-0.060305433763447935,0.9409925893772408,-0.06030543376344788,6.814362841142598,-0.06030543376344788,1029.613032297449,-173.08196540291783,0.22763855288848556,0.466395295294298,0.8216142181743347,1.0603709605801472,6.694984469939692,6.933741212345504,913.6401506661887,1160.2908328676626,Validate
2019-01-01,689.98334,6.538115501403809,5.88237575471007,0.6557397466937385,0.17927765309866958,0.47646209359506886,0.3443059591632676,1.6424458542335856,1.1055270810608255,2.236531637963752,1.6710293595122887,-0.028583505278703125,0.35033997105837394,0.12612212253669491,0.5296176241570435,0.12612212253669497,6.4119933788671135,0.12612212253669508,688.2055923532162,1.7777450491275886,0.23096176878350244,0.4697181733332455,0.410239421882172,0.6489958264319151,6.292615176592242,6.531371581141985,610.650729772673,775.5941008645382,Validate
2019-02-01,594.81323,6.389927387237549,5.891381257654784,0.4985461295827651,-0.005540502978890987,0.5040866325616561,0.34718971523904196,1.6561063935973277,1.070391184513916,2.201269716812532,1.635830450663224,0.02027594293410373,0.3429094396165823,0.16117719294507377,0.33736893663769135,0.16117719294507377,6.228750194292475,0.1611771929450736,572.8089116230377,22.004320798837284,0.2235445393134961,0.46227433991966854,0.2180040363346051,0.45673383694077757,6.109385293989389,6.348115094595562,508.24616989616055,645.5569826969013,Validate
2019-03-01,761.36096,6.636420249938965,5.900386760599496,0.7360334893394684,-0.16021716921008572,0.8962506585495542,0.2941089219322885,1.4046592367046096,0.8077731813823807,1.9365886329372297,1.3721809071598052,0.03247832954480434,0.2872527080111586,0.6089979505383956,0.12703553880107288,0.6089979505383956,6.02742229940057,0.6089979505383951,468.1715779647684,293.1893839492941,0.16810556710509306,0.4063998489172242,0.007888397895007337,0.24618267970713847,5.9082751584945035,6.146569440306635,415.4729021041139,527.5385158502397,Validate
2019-04-01,309.3029,5.737548828125,5.90939226354421,-0.17184343541921,-0.14405426979064936,-0.027789165628560625,0.24752873039402887,1.1840058515502574,0.5294220989313669,1.6364455100371011,1.082933804484234,0.10107204706602335,0.22619230127826417,-0.25398146690682477,0.08213803148761481,-0.25398146690682477,5.991530295031825,-0.25398146690682477,451.63068815933366,-142.32780119644303,0.10934532317599877,0.3430392793805295,-0.0347089466146506,0.19898500958988016,5.874683316929559,6.10837727313409,401.7151776839557,507.7330977735689,Validate
2019-05-01,452.05804,6.116020202636719,5.918397766488923,0.19762243614779607,-0.08955182021666332,0.28717425636445937,0.2707778836052198,1.2941385965778904,0.6885864128314608,1.7934135479526403,1.2409999803920506,0.053138616185839815,0.25956025864885207,0.027613997715607297,0.17000843843218877,0.027613997715607297,6.088406204921111,0.027613997715607574,497.67393482425814,-45.61589039066439,0.14294509878032888,0.37617541851737524,0.05339327856366556,0.28662359830071193,5.971791045052588,6.205021364789634,442.7837015558547,559.3533712510848,Validate
2019-06-01,333.0954,5.811426639556885,5.927403269433636,-0.1159766298767515,-0.14997118280122543,0.033994552924473925,0.25300529240621383,1.2099486806174968,0.5628911863107434,1.6676866309293739,1.1152889086200586,0.09465977199743825,0.23302250216928058,-0.19902794924480666,0.08305131936805515,-0.19902794924480666,6.010454588801691,-0.19902794924480638,460.27796803513263,-127.18257008591388,0.11641068725211094,0.3496343170864502,-0.033560495549114486,0.19966313428522478,5.893842773884522,6.127066403718861,409.50537143312675,517.3302792160504,Validate
2019-07-01,356.88794,5.88021993637085,5.936408772378349,-0.056188836007499354,-0.20406691832258123,0.14787808231508187,0.22600463063022216,1.0820447964656525,0.358219735457623,1.4629878615090695,0.9106037984833462,0.1714409979823064,0.189813232442789,-0.04193515012770713,-0.014253685879792227,-0.04193515012770713,5.922155086498557,-0.04193515012770721,421.2938195073525,-64.40588005422751,0.07320430101660025,0.3064221638689778,-0.13086261730598098,0.10235524554639658,5.805546155072368,6.038764017924746,374.81326902361354,473.5230801919963,Validate
2019-08-01,237.9253,5.476150989532471,5.9454142753230625,-0.46926328579059184,-0.08793175430562446,-0.3813315314849674,0.16753816030371382,0.8050853386030934,0.17916382693289834,1.2839263103886969,0.7315450686607976,0.07354026994229579,0.15201372202105967,-0.533345253506027,0.06408196771543521,-0.533345253506027,6.009496243038498,-0.5333452535060275,459.83611600613926,-221.91082303738926,0.03540538617419063,0.2686220578679287,-0.052526368131433826,0.18069030356230426,5.8928879071916285,6.126104578885367,409.1135806104635,516.8319759601868,Validate
2019-09-01,333.0954,5.811426639556885,5.954419778267775,-0.14299313871089048,-0.33471384323797376,0.19172070452708329,0.12142069949106042,0.5866239388753379,-0.17240982241951336,0.9323522835769114,0.379971230578699,0.2066527082966389,0.07779606745732126,0.11392463706976202,-0.2569177757806525,0.11392463706976202,5.697502002487123,0.11392463706976219,336.3254672600774,-3.230069310858653,-0.03881222854848683,0.19440436346312936,-0.3735260717864606,-0.1403094797748444,5.580893706481315,5.814110298492931,299.19730640852725,378.0456091147575,Validate
2019-10-01,666.1908,6.503076076507568,5.963425281212489,0.5396507952950795,0.1943786484854562,0.34527214680962337,0.04939850374900425,0.24545013147094205,-0.32349498533038373,0.7812663777526392,0.2288856962111277,0.016564435259814353,0.04590173180242605,0.2993704150071973,0.24028038028788223,0.2993704150071973,6.203705661500371,0.2993704150071972,558.6165972716384,107.5741986267991,-0.07070648578843153,0.16250994939328364,0.12367216269702466,0.35688859787873983,6.087097443909514,6.320313879091229,497.02171671277415,627.8294775757806,Validate
2019-11-01,642.3983,6.466763973236084,5.972430784157202,0.4943331890788816,0.21869960106573258,0.27563358801314897,-0.1701908648382565,-0.7947589342837109,-1.7738880541517372,-0.6691321538148317,-1.2215101039832845,0.4267511696995736,-0.26027854334759476,0.5359121313607438,-0.04157894228186218,0.5359121313607438,5.930851841875341,0.5359121313607433,424.98242173990633,217.41589368978117,-0.3768861843423573,-0.14367090235283222,-0.15818658327662474,0.07502869871290035,5.8142442008805775,6.047459482870103,378.09636762511184,477.6672707211006,Validate
2019-12-01,689.98334,6.538115501403809,5.981436287101915,0.5566792143018935,0.5939756652858491,-0.03729645098395562,-0.4213195146348272,-1.9843716184939293,-2.8560887172194933,-1.751343304460792,-2.3037160108401427,0.31934439234621337,-0.48873349494494234,0.4514370439609867,0.10524217034090677,0.4514370439609867,6.086678457442822,0.4514370439609863,496.81309606101996,193.1702413413238,-0.6053400289696007,-0.372126960920284,-0.0113643636837516,0.22184870436556509,5.970071923418163,6.203284991467481,442.02143879244,558.3812328481089,Validate
2020-01-01,380.68048,5.944583892822266,5.990441790046628,-0.045857897224362176,0.17927765309866958,-0.22513555032303176,-0.42459224284504327,-1.9998747440592497,-2.4506975139427634,-1.3459534088175582,-1.8983254613801608,-0.10154928267908891,-0.4031550687248458,0.17801951840181404,-0.22387741562617622,0.17801951840181404,5.766564374420452,0.17801951840181385,360.4452632271491,20.23521772988215,-0.5197614647280124,-0.28654867272167917,-0.3404838116293428,-0.10727101962300958,5.649957978417285,5.883170770423618,320.66293721023965,405.1477503202509,Validate
2020-02-01,380.68048,5.944583892822266,5.999447292991341,-0.05486340016907576,-0.005540502978890987,-0.049322897190184775,-0.35200764963395414,-1.6560368234074356,-1.885478298141071,-0.780837003771246,-1.3331576509561585,-0.3228791724512772,-0.28384747304761,0.2345245758574252,-0.28938797602650096,0.2345245758574252,5.71005931696484,0.23452457585742525,340.58807668460094,40.092404272430315,-0.40044301731452425,-0.16725192878069575,-0.4059835202934152,-0.17279243175958675,5.593463772697926,5.826654861231755,302.99462268671846,382.8305200988105,Validate
2020-03-01,356.88794,5.88021993637085,6.008452795936055,-0.12823285956520536,-0.16021716921008572,0.03198430964488036,-0.2816021227629934,-1.3225212811861673,-1.5491561519880235,-0.44619769670754383,-0.9976769243477837,-0.32484435683838364,-0.21302709341970927,0.24501140306458963,-0.373244262629795,0.24501140306458963,5.63520853330626,0.24501140306458957,315.95340425062943,40.93453520249557,-0.3294450130219148,-0.09660917381750378,-0.48966218223200053,-0.2568263430275895,5.518790613704055,5.751626452908465,281.12122479430684,355.08614892164667,Validate
2020-04-01,23.79253,3.2105424404144287,6.017458298880768,-2.806915858466339,-0.14405426979064936,-2.6628615886756895,-0.19535018450490715,-0.9139402615667279,-1.5148477865277297,-0.4296211923857799,-0.9722344894567547,0.058294227890026806,-0.2076561652121279,-2.4552054234635614,-0.35171043500277727,-2.455205423463562,5.66574786387799,-2.4552054234635614,325.7822686115685,-301.98973855175404,-0.3222024763466347,-0.09310985407762114,-0.4662567461372841,-0.23716412386827052,5.551201552743484,5.780294175012497,290.41483234715076,365.44205862422524,Validate
2020-05-01,23.79253,3.2105424404144287,6.026463801825481,-2.8159213614110525,-0.08955182021666332,-2.7263695411943893,-0.19861460780128448,-0.9294040462171355,-1.4429769412763953,-0.35954834710973516,-0.9012626441930652,-0.028141402024070228,-0.19267392442804096,-2.5336956167663485,-0.2822257446447043,-2.533695616766348,5.744238057180777,-2.533695616766348,352.4649387333032,-328.67240867348875,-0.30703045559797526,-0.07831739325810665,-0.39658227581463856,-0.16786921347476996,5.629881526010843,5.858594588350711,314.26948027359265,395.287844942417,Validate
2020-06-01,356.88794,5.88021993637085,6.035469304770194,-0.15524936839934433,-0.14997118280122543,-0.005278185598118906,-0.25113511744714917,-1.1781971031085636,-1.792619838181152,-0.7092172018439429,-1.2509185200125474,0.07272141690398382,-0.26648669488137544,0.26120850928325656,-0.4164578776826009,0.26120850928325656,5.619011427087593,0.26120850928325634,310.86102850106107,46.02691095206393,-0.3808404861870043,-0.15213290357574666,-0.5308116689882297,-0.30210408637697206,5.504657635781964,5.733365218393222,277.1620550825108,348.6425889896818,Validate
2020-07-01,951.7012,6.8593010902404785,6.0444748077149075,0.814826282525571,-0.20406691832258123,1.0188932008481522,-0.1788400041275191,-0.8357304674574152,-1.2013270922548003,-0.1179468288483313,-0.6596369605515657,-0.17609350690584946,-0.14166645578344772,1.1605596566315999,-0.34573337410602895,1.1605596566315999,5.698741433608879,1.1605596566315999,336.7438181473597,614.9573537276403,-0.25601788561295774,-0.027315025953937713,-0.46008480393553897,-0.23138194427651892,5.584390003779369,5.8130928634383885,300.2487224002013,377.66015094735076,Validate
2020-08-01,618.6058,6.429083347320557,6.05348031065962,0.3756030366609364,-0.08793175430562446,0.46353479096656086,-0.26921820522032397,-1.2638578614572482,-1.7976947137626782,-0.714319064059514,-1.256006888911096,-0.00785097254615219,-0.26756085559613596,0.7310956465626968,-0.3554926099017604,0.7310956465626968,5.69798770075786,0.7310956465626965,336.4893454506567,282.11642847512456,-0.38191179844652373,-0.15320991274574816,-0.4698435527521482,-0.24114166705137263,5.583636757907472,5.812338643608248,300.02189348333667,377.3746656255009,Validate
2020-09-01,1046.8713,6.9545159339904785,6.062485813604334,0.8920301203861447,-0.33471384323797376,1.2267439636241184,-0.31725978343918665,-1.4914339299979424,-2.0029259055114936,-0.9195505589630361,-1.4612382322372648,-0.030195697760677653,-0.3108854357973416,1.53762939942146,-0.6455992790353153,1.53762939942146,5.416886534569018,1.5376293994214603,253.78824147869054,793.0830964119344,-0.4252363466495702,-0.1965345249451131,-0.759950189887544,-0.5312483681830868,5.30253562371679,5.531237445421247,226.25707455726604,284.6546847761401,Validate
2020-10-01,713.7759,6.571969032287598,6.0714913165490465,0.5004777157385512,0.1943786484854562,0.306099067253095,-0.4022743214943734,-1.8941533046875583,-1.8339355602896932,-0.7505608411821845,-1.2922482007359388,-0.6019051039516194,-0.2752114395435251,0.5813105067966201,-0.08083279105806893,0.5813105067966201,5.990658525490978,0.58131050679662,451.2362704577922,262.5396084484578,-0.38956228416898914,-0.16086059491806112,-0.19518363568353295,0.03351805356739507,5.876307680865514,6.105009370116441,402.3698652765518,506.022616023523,Validate
2020-11-01,380.68048,5.944583892822266,6.08049681949376,-0.13591292667149446,0.21869960106573258,-0.35461252773722707,-0.1569647859170021,-0.7321061415424804,-0.40702537691948715,0.6763447772736915,0.13465970017710216,-0.8667658417195826,0.026010512186293945,-0.38062303992352103,0.24471011325202652,-0.380623039923521,6.325206932745787,-0.3806230399235213,630.9139139515114,-250.23343299448015,-0.08833985060975308,0.14036087498234098,0.1303597504559795,0.35906047604807356,6.21085656994974,6.439557295541833,562.6327066268399,707.4670388191106,Validate
2020-12-01,1832.0248,7.513722896575928,6.089502322438474,1.424220574137454,0.5939756652858491,0.830244908851605,0.08041812663383936,0.39239209477584464,-0.03557796211028419,1.047783441633578,0.5061027397616469,-0.11371064498580224,0.10442257877343637,0.7258223300781685,0.6983982440592855,0.7258223300781685,6.787900566497759,0.7258223300781683,1002.6983496167697,829.3264306566678,-0.00992686040749157,0.21877201795436435,0.5840488048783575,0.8127476832402134,6.6735511273168315,6.902250005678687,894.2449494252124,1124.2902098696343,Validate
2021-01-01,142.75517,4.968111515045166,6.098507825383186,-1.1303963103380203,0.17927765309866958,-1.3096739634366898,0.05287549969111996,0.2619208865163697,-0.5191760499800266,0.5641842623818487,0.022504106200910978,0.2394167803154587,0.002334333160788425,-1.3120082965974782,0.181611986259458,-1.3120082965974784,6.280119811642645,-1.3120082965974786,603.0554822004913,-460.3003094709991,-0.11201499082412303,0.11668365714569989,0.06726266227454655,0.29596131024436945,6.165770487657733,6.394469135627556,537.7850663643225,676.2329976379428,Validate
2021-02-01,237.9253,5.476150989532471,6.107513328327899,-0.6313623387954284,-0.005540502978890987,-0.6258218358165374,-0.03772009940939559,-0.16723633593077158,-0.8800324313182784,0.20324217867225408,-0.3383951263230121,0.17115879039224052,-0.07385192323956422,-0.5519699125769731,-0.0793924262184552,-0.5519699125769731,6.0281209021094435,-0.5519699125769728,468.4994570153226,-230.5741640465726,-0.18819220128831285,0.040488354809184425,-0.19373270426720385,0.03494785183029344,5.913780624060696,6.142461180158192,417.7721026030654,525.3715963109847,Validate
2021-03-01,142.75517,4.968111515045166,6.116518831272613,-1.1484073162274466,-0.16021716921008572,-0.9881901470173609,-0.053384633268415436,-0.2414402476948244,-0.7914615811208993,0.2904103598579554,-0.25052561063147194,0.00908536293664755,-0.05530256416935136,-0.9328875828480095,-0.21551973337943708,-0.9328875828480095,5.900999097893176,-0.9328875828480099,412.4536175984428,-269.6984448689506,-0.16949478967138054,0.05888966133267784,-0.32971195888146626,-0.10132750787740788,5.786806872391146,6.015191323395205,367.83637311877663,462.4681022909583,Validate
2021-04-01,523.43567,6.262322902679443,6.125524334217326,0.13679856846211713,-0.14405426979064936,0.2808528382527665,-0.13226478049260856,-0.6151006155830883,-1.311020743463787,-0.24390103244401573,-0.7774608879539013,0.16236027237081307,-0.16653922672395072,0.44739206497671724,-0.3105934965146001,0.44739206497671724,5.814930837702726,0.44739206497671713,378.35675853702963,145.07891040828287,-0.279174345597795,-0.05390410785010644,-0.42322861538844436,-0.1979583776407558,5.702295718828882,5.92756595657657,337.94639188737995,423.5849895211128,Validate
2021-05-01,475.8506,6.167203426361084,6.134529837162039,0.03267358919904506,-0.08955182021666332,0.12222540941570838,-0.18851316330487547,-0.8815528491852238,-1.2505090355767432,-0.1848920905386764,-0.7177005630577098,-0.163852286127514,-0.1539237511983611,0.27614916061406947,-0.2434755714150244,0.27614916061406947,5.891054265747014,0.2761491606140698,408.36226838118546,67.48831755631454,-0.26640025223088837,-0.04144725016583389,-0.35595207244755167,-0.1309990703824972,5.778577764714488,6.003530766779542,364.81363317341817,457.09519268175507,Validate
2021-06-01,285.51035,5.657774448394775,6.1435353401067525,-0.4857608917119771,-0.14997118280122543,-0.33578970891075166,-0.1832323070983842,-0.8565370911989438,-1.658440885179392,-0.5928456447109165,-1.1256432649451542,0.2691061737462104,-0.24004093982549202,-0.09574876908525964,-0.3900121226267175,-0.09574876908525964,5.753523217480035,-0.09574876908525987,355.7622014669192,-70.2518560079348,-0.3525151499278164,-0.12756672972316763,-0.5024863327290419,-0.2775379125243931,5.641049007377711,5.865997427582359,317.80997875014026,398.2323856816119,Validate
2021-07-01,356.88794,5.88021993637085,6.152540843051465,-0.2723209066806156,-0.20406691832258123,-0.06825398835803437,-0.25326263482133626,-1.1882752907476912,-1.3583877887262878,-0.2928112526267622,-0.825599520676525,-0.36267577007116625,-0.17670134923587683,0.10844736087784246,-0.38076826755845805,0.10844736087784246,5.771772575493007,0.10844736087784224,362.33265352249623,-5.44471406937123,-0.2891735850809568,-0.06422911339079686,-0.49324050340353803,-0.26829603171337807,5.659300339647928,5.884244811338087,323.68210970485455,405.58420396399333,Test
2021-08-01,571.0207,6.349174976348877,6.161546345996179,0.18762863035269817,-0.08793175430562446,0.2755603846583226,-0.10677654726617154,-0.49436120345771045,-0.597724755873565,0.4678479281719062,-0.06493841385082938,-0.4294227896068811,-0.016124886622986723,0.29168527128130933,-0.10405664092861118,0.29168527128130933,6.057489705067567,0.2916852712813096,482.4925687566516,88.52812216131713,-0.12859671588147492,0.09634694263550146,-0.21652847018709936,0.008415188329877005,5.9450178758090795,6.169961534326056,431.0598480624853,540.047878184455,Test
2021-09-01,452.05804,6.116020202636719,6.1705518489408915,-0.05453164630417273,-0.33471384323797376,0.28018219693380103,-0.05413686028982357,-0.24500359583052167,-0.3608693134048838,0.7047031213054803,0.17191690395029827,-0.4169204997808199,0.03387555212992072,0.24630664480388031,-0.30083829110805305,0.24630664480388031,5.8697135578328385,0.2463066448038802,399.718745269423,52.33929916417077,-0.07859625081109894,0.14634735507094038,-0.4133100940490727,-0.18836648816703339,5.757241754891819,5.982185360773858,357.0913046886949,447.42058633592444,Test
2021-10-01,404.473,6.005054473876953,6.179557351885605,-0.17450287800865194,0.1943786484854562,-0.3688815264941081,-0.012894932433145115,-0.04963791159126607,-0.9817349249896138,0.08383697176642968,-0.44894897661159205,0.399311065020326,-0.0971899722712247,-0.2716915542228834,0.0971886762142315,-0.27169155422288344,6.276746028099836,-0.27169155422288327,601.0209636980316,-196.54797175467218,-0.2096617184308465,0.015281773888397134,-0.015283069945390304,0.20966042237385332,6.164274281940215,6.389217774259459,536.9795358374786,672.6859240709026,Test
2021-11-01,452.05804,6.116020202636719,6.188562854830318,-0.07254265219359901,0.21869960106573258,-0.2912422532593316,-0.025769571552378117,-0.11062591122123817,-0.8849599254037703,0.18060809109370474,-0.35217591715503277,0.2415500059337946,-0.07676106454303971,-0.2144811887162919,0.14193853652269287,-0.21448118871629188,6.33050139135301,-0.21448118871629163,634.2684283451143,-182.21038391152058,-0.18923240113906656,0.03571027205298712,0.02946719992666602,0.2544098731187197,6.218030054756984,6.442972727949037,566.690453978602,709.8908970086068,Test
2021-12-01,880.3236,6.7814249992370605,6.197568357775031,0.5838566414620292,0.5939756652858491,-0.010119023823819906,-0.08445196963869289,-0.38860823287152874,-0.8399292305838651,0.2256313571859797,-0.3071489366989427,-0.08145929617258602,-0.06725581551834431,0.0571367916945244,0.5267198497675047,0.05713679169452446,6.724288207542536,0.0571367916945249,940.8390946980959,-60.51548629965839,-0.17972636800776054,0.045214736971071944,0.41424929727808857,0.639190402256921,6.61181765505312,6.836758760031953,840.6497005488523,1052.9549645455395,Test
2022-01-01,927.9086,6.834010601043701,6.206573860719745,0.6274367403239562,0.17927765309866958,0.44815908722528663,-0.10859276082193142,-0.5029647247401954,-0.9064632860718523,0.1590963749286881,-0.3736834555715821,-0.12928126916861327,-0.08130133143384018,0.5294604186591269,0.0979763216648294,0.5294604186591269,6.304550182384574,0.5294604186591272,617.9945217017261,309.9141086693677,-0.19377178610220624,0.03116912323452592,-0.014494133003536663,0.2104467763331955,6.192079727716208,6.41702063705294,552.1482051731049,691.6791306804339,Test
2022-02-01,499.6431,6.215893268585205,6.215579363664458,0.00031390492074745424,-0.005540502978890987,0.005854407899638441,-0.1600119753144962,-0.7465408751397276,-1.4288746715251195,-0.3633877130752913,-0.8961311923002053,0.14959031716047777,-0.1915906688420386,0.19744507674167705,-0.1971311718209296,0.19744507674167705,6.018448191843528,0.1974450767416771,463.980017648395,35.66307927543312,-0.30405344971302534,-0.07912788797105191,-0.3095939526919163,-0.0846683909499429,5.905985410972542,6.130910972714514,414.5203752477317,519.3268712957826,Test
2022-03-01,261.71783,5.571080684661865,6.22458486660917,-0.6535041819473051,-0.16021716921008572,-0.49328701273721937,-0.2602776333012219,-1.221505793034656,-1.5555922101802095,-0.49129506941506884,-1.0234436397976392,-0.1980621532370168,-0.21846647763820437,-0.274820535099015,-0.3786836468482901,-0.274820535099015,5.84590121976088,-0.27482053509901494,390.2894078737729,-128.57157340111667,-0.3308036725463708,-0.10612928273003802,-0.4910208417564565,-0.26634645194012374,5.733564024852714,5.958238414669046,348.71210710498275,436.80983730210215,Test
2022-04-01,499.6431,6.215893268585205,6.233590369553884,-0.017697100968678825,-0.14405426979064936,0.12635716882197054,-0.29466593316925455,-1.3844053974588217,-1.8632846248496253,-0.8114830027725917,-1.3373838138111085,-0.04702158364771325,-0.28473962104306333,0.41109678986503384,-0.42879389083371267,0.41109678986503384,5.804796478720172,0.4110967898650335,374.53163628287797,125.11146064095016,-0.39575790653713944,-0.17372133554898725,-0.5398121763277888,-0.3177756053396366,5.693778193226095,5.915814764214248,335.07166746560114,418.624810722047,Test
2022-05-01,261.71783,5.571080684661865,6.2425958724985975,-0.6715151878367323,-0.08955182021666332,-0.581963367620069,-0.2621696358947498,-1.2304683318992684,-1.5643240399429903,-0.5137998512579135,-1.039061945600452,-0.19140638629881646,-0.22176352053328266,-0.3601998470867863,-0.311315340749946,-0.36019984708678626,5.931280531748651,-0.3601998470867862,425.1650752383699,-163.44724076571367,-0.3326469721746329,-0.11088006889193242,-0.4221987923912962,-0.20043188910859572,5.820397080107301,6.042163983390002,380.436092431054,475.13918807579387,Test
2022-06-01,237.9253,5.476150989532471,6.25160137544331,-0.7754503859108395,-0.14997118280122543,-0.625479203109614,-0.23600053060887216,-1.1065035847159792,-1.5376328903911163,-0.4871271578131816,-1.012380024102149,-0.0941235606138302,-0.21613093523154187,-0.40934826787807216,-0.36610211803276727,-0.4093482678780722,5.885499257410543,-0.4093482678780722,406.0945619631459,-168.1692689943959,-0.32701243881982883,-0.10524943164325486,-0.47698362162105423,-0.2552206144444803,5.774617753822256,5.9963807609988296,363.3678717064341,453.83149105278045,Test
2022-07-01,214.13277,5.371255397796631,6.260606878388024,-0.8893514805913929,-0.20406691832258123,-0.6852845622688117,-0.228710799191301,-1.0719716547037994,-1.8504732863068076,-0.7999834567486649,-1.3252283715277362,0.2532567168239368,-0.28217359274761855,-0.4031109695211932,-0.4862405110701998,-0.40311096952119313,5.774366367317824,-0.40311096952119296,363.27628605301925,-149.14351932938644,-0.3930534177627275,-0.17129376773250965,-0.5971203360853088,-0.3753606860550909,5.663486542302715,5.885246192332933,325.0441437005713,405.99155358069004,Test
2022-08-01,190.34024,5.254053115844727,6.2696123813327365,-1.01555926548801,-0.08793175430562446,-0.9276275111823854,-0.25955309953235606,-1.2180736296304422,-1.6368856485593501,-0.5863990905226472,-1.1116423695409987,-0.10643126008944348,-0.23708533418555816,-0.6905421769968272,-0.3250170884911826,-0.6905421769968273,5.944595292841554,-0.6905421769968276,430.87730550214746,-240.53706502363184,-0.34796481388963735,-0.12620585448147895,-0.4358965681952618,-0.21413760878710342,5.8337158131374744,6.055474772545633,385.5503198286302,481.51934467544675,Test
2022-09-01,333.0954,5.811426639556885,6.27861788427745,-0.4671912447205653,-0.33471384323797376,-0.13247740148259152,-0.24170674974218564,-1.1335343144450307,-1.4566639911743058,-0.4061776422545249,-0.9314208167144153,-0.20211349773061538,-0.19904035044731863,0.06656294896472711,-0.5337541936852924,0.06656294896472714,5.744863690592157,0.06656294896472748,352.6861473992771,-19.590749450058354,-0.30991980807898256,-0.0881608928156547,-0.6446336513169564,-0.42287473605362846,5.633984232960493,5.855743148223821,315.5655955338274,394.1594634002984,Test
2022-10-01,666.1908,6.503076076507568,6.287623387222163,0.21545268928540562,0.1943786484854562,0.02107404079994943,-0.1521308591271251,-0.7092075171583668,-1.4737256225129887,-0.42323974052871205,-0.9484826815208504,0.23927516436248353,-0.20264213036167478,0.2237161711616242,-0.008263481876218587,0.2237161711616242,6.279359905345944,0.223716171161624,602.5966310000496,63.59416489838793,-0.3135215387080191,-0.09176272201533045,-0.11914289022256289,0.10261592647012574,6.168480496999599,6.390239313692288,539.2471591751969,673.3744724374598,Test
2022-11-01,689.98334,6.538115501403809,6.296628890166876,0.24148661123693227,0.21869960106573258,0.02278701017119969,-0.1210468343059284,-0.5619604777084465,-1.116079933178776,-0.06559739566045086,-0.5908386644196135,0.028878186711167042,-0.12714305380123692,0.1499300639724366,0.09155654726449566,0.1499300639724366,6.388185437431372,0.14993006397243658,671.9908121374777,17.992525264866003,-0.238022109137215,-0.016263998465258823,-0.01932250807148242,0.20243560260047375,6.277306382095394,6.49906449276735,601.3584030843737,750.9055613772532,Test
2022-12-01,1070.6638,6.976967811584473,6.305634393111589,0.6713334184728836,0.5939756652858491,0.07735775318703453,-0.05238605459683296,-0.23670991583161963,-0.506211402844619,0.5442647382654746,0.019026667710427825,-0.2557365835420474,0.00160024176746621,0.07575751141956832,0.5955759070533153,0.07575751141956832,6.901210300164904,0.07575751141956832,1123.120847435451,-52.45702907607597,-0.10927813842382653,0.11247862195875893,0.4846975268620226,0.706454287244608,6.790331919973612,7.012088680356197,1005.1416641648441,1254.9341538528745,Test
2023-01-01,713.7759,6.571969032287598,6.314639896056303,0.25732913623129505,0.17927765309866958,0.07805148313262547,-0.012564505425152132,-0.04807265744669713,-0.20688611765557768,0.8435892253056356,0.31835155382502894,-0.3664242112717261,0.06478808054742732,0.013263402585198147,0.2440657336460969,0.013263402585198147,6.558705629702399,0.013263402585198314,797.1143394652231,-83.33846055897311,-0.04609021539877735,0.17566637649363204,0.13318743769989222,0.35494402959230165,6.447827333756194,6.669583925648604,713.3503825104881,890.7003678522664,Test
2023-02-01,689.98334,6.538115501403809,6.323645399001016,0.2144701024027924,-0.005540502978890987,0.2200106053816834,0.040493725366808724,0.2032676193516681,-0.0186567000655824,1.0317560818635378,0.5065496908989777,-0.30328207154730963,0.10451693068909156,0.11549367469259185,0.09897642771020057,0.11549367469259184,6.422621826711217,0.11549367469259142,695.569844003273,-5.586506600929283,-0.0063547619030433775,0.21538862328122652,-0.011895264881934365,0.20984812030233552,6.311750134119082,6.533493519303351,622.4673350798453,777.2437351150155,Test
2023-03-01,856.53107,6.75405740737915,6.332650901945729,0.4214065054334215,-0.16021716921008572,0.5816236746435073,0.12940740837841475,0.6244574963176593,0.560913793215776,1.610302787512254,1.085608290364015,-0.4611507940463556,0.22675688842230196,0.3548667862212053,0.06653971921221624,0.35486678622120527,6.3991906211579455,0.35486678622120493,679.4381039143155,177.0929629802157,0.11599325722244888,0.337520519622155,-0.04422391198763684,0.1773033504120693,6.288426989958092,6.509954252357798,608.094379334564,759.1383775111043,Test
2023-04-01,808.946,6.696967601776123,6.341656404890442,0.35531119688568147,-0.14405426979064936,0.49936546667633086,0.14128932004806116,0.6807428817021103,0.058605929095727705,1.0972554279184241,0.5779306785070759,0.10281220319503437,0.11958554190776594,0.3797799247685649,-0.02446872788288343,0.3797799247685649,6.317187677007558,0.3797799247685649,625.8666991722191,183.07928471449964,0.009955470829465254,0.22921561298606663,-0.1340987989611841,0.08516134319541727,6.207557605929257,6.426817748085859,560.7763662904717,698.4987367052904,Test
2023-05-01,666.1908,6.503076076507568,6.350661907835155,0.1524141686724132,-0.08955182021666332,0.2419659888890765,0.13228381710334794,0.6380832308044466,0.13440456394085276,1.1719530319859452,0.6531787979633991,-0.015095567158952439,0.1354705092501772,0.1064954796388993,0.045918689033513885,0.10649547963889931,6.396580596868669,0.10649547963889905,677.6644595700319,-11.473663671594409,0.02595665262395578,0.24498436587639857,-0.06359516759270753,0.15543254565973524,6.287066740242448,6.506094453494891,607.2664221202193,756.2100512765971,Test
2023-06-01,428.26553,6.062075614929199,6.359667410779869,-0.2975917958506695,-0.14997118280122543,-0.1476206130494441,0.16346976586711057,0.7858130905737505,0.3862548922728267,1.4237874486818272,0.9050211704773269,-0.1192080799035764,0.18863473304371872,-0.3362553460931628,0.038663550242493294,-0.3362553460931628,6.398330961022362,-0.33625534609316254,678.8534097567858,-250.5878763095202,0.079122555900131,0.29814691018730644,-0.07084862690109443,0.148175727386081,6.288818783878774,6.50784313816595,608.3330655643628,757.5353312967504,Test
2023-07-01,452.05804,6.116020202636719,6.368672913724581,-0.2526527110878627,-0.20406691832258123,-0.048585792765281466,0.138169028560113,0.6659618587662437,-0.041259159843160254,0.9962596873959111,0.4775002637763754,0.1884615949898683,0.09838456213965377,-0.14697035490493524,-0.10568235618292746,-0.14697035490493524,6.262990557541654,-0.14697035490493526,592.7965768914092,-140.7385324578155,-0.011126167992911017,0.2078952922722186,-0.21519308631549225,0.0038283739496373648,6.15347982740909,6.372501287674218,531.2035704815434,661.5178677567388,Test
2023-08-01,618.6058,6.429083347320557,6.377678416669294,0.051404930651262504,-0.08793175430562446,0.13933668495688695,0.15100032301174182,0.7267445318975604,0.24556312817625714,1.28307915776079,0.7643211429685236,-0.03757661107096322,0.15893279021508774,-0.019596105258200797,0.07100103590946329,-0.019596105258200783,6.448679452578758,-0.019596105258201213,713.9593533382348,-95.35357941245354,0.04942235748763186,0.26844322294254364,-0.0385093968179926,0.1805114686369192,6.339169019851301,6.558189885306214,639.7986313285786,796.7028225950102,Test
2023-09-01,428.26553,6.062075614929199,6.386683919614008,-0.3246083046848085,-0.33471384323797376,0.01010553855316526,0.139074867992342,0.6702528788442409,-0.06730301704814912,0.9702128342895983,0.45145490862072457,0.21879797022351632,0.09288635674849897,-0.08278081819533371,-0.24182748648947477,-0.08278081819533373,6.144856433124533,-0.08278081819533334,526.6339006039855,-98.36836715671984,-0.016624057164902888,0.20239677066190087,-0.35133790040287666,-0.1323170725760729,6.035346019211131,6.254366847037935,471.90392961794845,587.6978636263175,Test
2023-10-01,666.1908,6.503076076507568,6.395689422558721,0.10738665394884706,0.1943786484854562,-0.08699199453660914,0.05151680106244005,0.25548464308494134,-0.7020987232235361,0.33541671877149176,-0.18334100222602218,0.4388256453109635,-0.041119813581774016,-0.04587218095483512,0.15325883490368217,-0.04587218095483511,6.548948257462404,-0.04587218095483525,789.3647102578032,-123.17391435936565,-0.15063018428880887,0.06839055712526085,0.043748464196647324,0.26276920561071704,6.4394378867553685,6.658458628169439,707.3824466803777,880.8349157976174,Test
2023-11-01,1118.2489,7.020412921905518,6.404694925503434,0.6157179964020836,0.21869960106573258,0.39701839533635097,0.009988301851043886,0.05876145177200203,-0.8150748686353231,0.2224376579763448,-0.2963186053294891,0.35508005710149115,-0.06496951970983415,0.46198791504618514,0.15373008135589844,0.46198791504618514,6.558425006859332,0.4619879150461852,796.8904017726754,321.35849959451207,-0.174479582696425,0.044540543276756675,0.044220018369307584,0.26324014434248927,6.448914943872742,6.667935069845924,714.1277398675012,889.2312940047838,Test
2023-12-01,880.3236,6.7814249992370605,6.413700428448148,0.36772457078891296,0.5939756652858491,-0.22625109449693614,-0.06281113845888328,-0.28609421350652264,-0.8513888812508661,0.1861180742139989,-0.3326354035184336,0.04654119001191098,-0.07263603891829322,-0.1536150555786429,0.5213396263675559,-0.15361505557864297,6.935040054815704,-0.1536150555786433,1161.800146689908,-281.47653829147043,-0.1821455138670323,0.0368734360304459,0.41183015141881685,0.630849101316295,6.825530579866965,7.044549529764443,1041.1871574791337,1296.3717546208995,Test
2024-01-01,927.9086,6.834010601043701,6.42270593139286,0.4113046696508409,0.17927765309866958,0.2320270165521713,-0.05510118622337776,-0.2495716702545199,-0.6297439891616852,0.4077622710135722,-0.11099085907405645,-0.13858081118046345,-0.02584661247732862,0.25787362902949995,0.15343104062134097,0.25787362902949995,6.5761369720142016,0.2578736290294996,811.1485055398907,116.76012483120303,-0.13535601403783695,0.0836627890831797,0.04392163906083263,0.2629404421818493,6.466627570453693,6.685646373574709,726.9073768313281,905.13890729056,Test
2024-02-01,666.1908,6.503076076507568,6.431711434337574,0.0713646421699945,-0.005540502978890987,0.07690514514888548,-0.05575272556918738,-0.25265805434755356,-0.8414887457059942,0.19596305226385347,-0.32276284672107036,0.0701047923735168,-0.07055193045890185,0.1474570756077873,-0.07609243343779283,0.1474570756077873,6.355619000899781,0.14745707560778776,650.426934695485,15.763861202952512,-0.1800555835013038,0.03895172258350014,-0.1855960864801948,0.03341121960460915,6.246115347857379,6.465122653942183,582.8602100826437,725.812760860497,Test
2024-03-01,333.0954,5.811426639556885,6.440716937282287,-0.6292902977254018,-0.16021716921008572,-0.4690731285153161,-0.07742932673875119,-0.35534151847149154,-0.535880573006128,0.5006800130774609,-0.017600279964333554,-0.337741238507158,-0.006131750365619573,-0.4629413781496965,-0.1663489195757053,-0.4629413781496965,6.274368017706581,-0.46294137814969627,599.59105243516,-266.49565448594126,-0.11554133546445915,0.10327783473322,-0.2757585046745449,-0.05693933447686572,6.164958432607742,6.383777602805421,537.3477208286803,669.0309081088558,Test
2024-04-01,547.22815,6.306691646575928,6.449722440227,-0.1430307936510724,-0.14405426979064936,0.0010234761395769565,-0.08837118490024075,-0.4071738094836133,-1.0036207415328815,0.023599800765426227,-0.4900104703837276,0.08283666090011427,-0.10585810234960615,0.1068815784891831,-0.24991237214025552,0.10688157848918312,6.1998100680867445,0.10688157848918323,556.4407993048599,-9.212649890797366,-0.2142818402832418,0.0025656355840295107,-0.35833611007389116,-0.14148863420661986,6.091386330153109,6.308233806020381,499.1622621994456,620.2788693076768,Test
2024-05-01,309.3029,5.737548828125,6.458727943171713,-0.7211791150467128,-0.08955182021666332,-0.6316272948300495,-0.08856821209504527,-0.40810714007040094,-1.024309734391139,0.0019510445206685212,-0.5111793449352352,0.10307220486483426,-0.11032687689647679,-0.5213004179335727,-0.1998786971131401,-0.5213004179335727,6.258849246058572,-0.5213004179335723,590.3425652295366,-281.039678266646,-0.21864931123501163,-0.0020044425579419205,-0.30820113145167494,-0.09155626277460524,6.150526811720038,6.3671716803971075,529.6342831935211,657.9963003289769,Forecast
2024-06-01,,,6.467733446116426,,-0.14997118280122543,,-0.16949931333361132,-0.7914830100019654,-1.213460104230306,-0.1872131983642038,-0.7003366512972549,-0.09114635870471055,-0.15025820881345892,,-0.3002293916146843,,6.167504054501742,,538.719896352438,,-0.2585791788437854,-0.04193723878313242,-0.4085503616450108,-0.19190842158435784,6.059183084471416,6.275825024532068,483.3119987215987,600.4667554956358,Forecast
2024-07-01,,,6.47673894906114,,-0.20406691832258123,,-0.15814895710094634,-0.7377156371609112,-1.4218569848779004,-0.39562203081660186,-0.9087395078472511,0.17102387068633995,-0.1942522992210395,,-0.39831921754362076,,6.078419731517519,,492.7187245565588,,-0.3025720077312751,-0.08593259071080389,-0.5066389260538564,-0.2899995090333851,5.970100023007284,6.186739440027755,442.0338876877452,549.2021081275811,Forecast
2024-08-01,,,6.485744452005853,,-0.08793175430562446,,-0.25569295051422575,-1.1997878536402105,-1.7638733282536947,-0.7376408288643911,-1.250757078559043,0.05096922491883249,-0.2664526143988975,,-0.35438436870452195,,6.131360083301331,,519.5606080851913,,-0.37477206381704714,-0.15813316498074786,-0.4627038181226716,-0.2460649192863723,6.0230406338831814,6.239679532719481,466.1203222798484,579.1146594681444,Forecast
2024-09-01,,,6.494749954950565,,-0.33471384323797376,,-0.3665589824019295,-1.7249674294811344,-2.244356193048584,-1.2181238476464493,-1.7312400203475167,0.0062725908663823216,-0.36788313377986026,,-0.702596977017834,,5.792152977932732,,369.81349152991845,,-0.4762025669445728,-0.2595637006151477,-0.8109164101825466,-0.5942775438531215,5.683833544768019,5.900472411097444,331.74611600299096,412.2359143731457,Forecast
2024-10-01,,,6.503755457895279,,0.1943786484854562,,-0.3153019093452362,-1.4821593535681454,-2.0966222573873807,-1.0703902736732545,-1.5835062655303176,0.10134691196217216,-0.33669636276686327,,-0.14231771428140708,,6.361437743613872,,654.2284697768346,,-0.4450157577551918,-0.22837696777853467,-0.2506371092697356,-0.03399831929307848,6.253118348625543,6.4697571386022,586.9633339032105,729.1889809284716,Forecast
2024-11-01,,,6.512760960839993,,0.21869960106573258,,-0.6316272948300495,-2.9806131986999143,-3.9844388677669857,-2.958209448467818,-3.471324158117402,0.49071095941748766,-0.7352169608739239,,-0.5165173598081912,,5.996243601031801,,453.76911065860827,,-0.8435360851867315,-0.6268978365611162,-0.6248364841209989,-0.4081982354953836,5.887924476718994,6.104562725344609,407.08305372533823,505.796207588711,Forecast
2024-12-01,,,6.521766463784705,,0.5939756652858491,,,,-4.504368181508685,-2.81861734369288,-3.6614927626007825,,-0.7753617790248123,,-0.18138611373896318,,6.340380350045742,,640.575320377741,,-0.9532937805128326,-0.5974297775367919,-0.35931811522698354,-0.0034541122509428313,6.162448348557722,6.518312351533762,535.9981173189857,765.5183143897175,Forecast
2025-01-01,,,6.530771966729419,,0.17927765309866958,,,,-4.651387754545917,-2.4568192494092185,-3.5541035019775675,,-0.7526917786281164,,-0.5734141255294468,,5.957357841199972,,436.4244832660449,,-0.9843297869042911,-0.5210537703519419,-0.8050521338056215,-0.3417761172532723,5.725719832923797,6.188995849476147,345.9796292683539,550.4449910619506,Forecast
2025-02-01,,,6.5397774696741315,,-0.005540502978890987,,,,-4.779807452437891,-2.182928961591812,-3.4813682070148513,,-0.7373372715192175,,-0.7428777744981084,,5.796899695176023,,371.5778224013691,,-1.0114393375731339,-0.4632352054653011,-1.016979840552025,-0.4687757084441921,5.522797629122106,6.071001761229939,282.25395681353865,489.06988395479004,Forecast
2025-03-01,,,6.548782972618845,,-0.16021716921008572,,,,-4.556386027218749,-1.6260826897385492,-3.091234358478649,,-0.6549795529749831,,-0.8151967221850689,,5.733586250433776,,348.71987974614296,,-0.9642748094913252,-0.345684296458641,-1.124491978701411,-0.5059014656687267,5.424290993917435,6.042881506950119,255.68181243836608,475.48095175821743,Forecast
2025-04-01,,,6.557788475563558,,-0.14405426979064936,,,,-4.653036198522099,-1.4378830043971282,-3.045459601459614,,-0.6453164474301829,,-0.7893707172208323,,5.768417758342726,,361.1157812385097,,-0.9846777753844903,-0.3059551194758755,-1.1287320451751397,-0.4500093892665249,5.429056430388418,6.1077790862970325,256.90793248702846,507.42887133210314,Forecast
2025-05-01,,,6.566793978508271,,-0.08955182021666332,,,,-4.5428561046697675,-1.070681105604062,-2.8067686051369147,,-0.5949284947622832,,-0.6844803149789465,,5.882313663529325,,404.79978742534985,,-0.9614186267801988,-0.22843836274436752,-1.0509704469968622,-0.3179901829610308,5.515823531511409,6.24880379554724,280.285388542677,584.43199960589,Forecast
2025-06-01,,,6.575799481452984,,-0.14997118280122543,,,,-4.560599069694058,-0.8510209733553344,-2.7058100215246963,,-0.5736160179163063,,-0.7235872007175318,,5.852212280735452,,392.76666803319785,,-0.9651641877590615,-0.1820678480735512,-1.1151353705602869,-0.3320390308747766,5.460664110892697,6.243760450578208,265.1900030342098,581.4868969028859,Forecast
2025-07-01,,,6.584804984397698,,-0.20406691832258123,,,,-4.418555654207727,-0.4864581729299664,-2.4525069135688464,,-0.5201434311369721,,-0.7242103494595533,,5.860594634938145,,396.0812322356348,,-0.9351786541336716,-0.10510820814027272,-1.139245572456253,-0.30917512646285394,5.445559411941445,6.2756298579348435,261.1994967424991,600.3493807298113,Forecast
2025-08-01,,,6.593810487342411,,-0.08793175430562446,,,,-4.0542532495866865,0.08835104434638863,-1.9829511026201487,,-0.4210196420476129,,-0.5089513963532374,,6.084859090989174,,495.9082150185699,,-0.8582739840637962,0.016234699968570375,-0.9462057383694207,-0.07169705433705409,5.647604748972991,6.522113433005357,319.90688045167184,768.4374573876628,Forecast
2025-09-01,,,6.602815990287124,,-0.33471384323797376,,,,-4.219886635795147,0.12311259548838693,-2.0483870201533803,,-0.43483324191623723,,-0.769547085154211,,5.833268905132913,,385.3776059930055,,-0.8932393885116983,0.023572904679223787,-1.227953231749672,-0.31114093855874997,5.374862758537452,6.291675051728374,243.30293657573665,610.0759719280137,Forecast
2025-10-01,,,6.611821493231837,,0.1943786484854562,,,,-3.199445595963608,1.3352251206963608,-0.9321102376336237,,-0.19918588802175802,,-0.004807239536301827,,6.607014253695535,,836.6166132576134,,-0.6778230736629415,0.27945129761942544,-0.4834444251774853,0.4738299461048816,6.128377068054351,7.0856514393367185,518.0100816260943,1350.8072493061934,Forecast
2025-11-01,,,6.62082699617655,,0.21869960106573258,,,,-2.902463198788453,1.6524001383353633,-0.6250315302265448,,-0.1343612083625854,,0.08433839270314719,,6.705165388879697,,922.999590907715,,-0.615129737078808,0.3464073203536373,-0.3964301360130754,0.5651069214193699,6.224396860163475,7.1859339175959205,570.3163590980025,1493.4001347092017,Forecast
2025-12-01,,,6.629832499121264,,0.5939756652858491,,,,-2.8572280055187367,1.698722337642509,-0.5792528339381138,,-0.12469727123333953,,0.4692783940525096,,7.099110893173774,,1369.124832377831,,-0.6055805340819919,0.35618599161531284,-0.011604868796142753,0.9501616569011619,6.618227630325121,7.579994156022426,846.0619820809093,2215.180274891702,Forecast
2026-01-01,,,6.6388380020659765,,0.17927765309866958,,,,-2.8799434775526604,1.6748905878243496,-0.6025264448641554,,-0.12961035812735477,,0.04966729497131481,,6.688505297037291,,907.7331957420103,,-0.6103757971933282,0.35115508093861864,-0.43109814409465863,0.5304327340372882,6.207739857971318,7.169270736103265,560.8787605109039,1468.7049952424065,Forecast
2026-02-01,,,6.64784350501069,,-0.005540502978890987,,,,-2.9125605578048654,1.6416049087941256,-0.6354778245053698,,-0.13656643348538292,,-0.14210693646427391,,6.505736568546416,,755.9391056829784,,-0.6172613015534979,0.34412843458273207,-0.6228018045323889,0.3385879316038411,6.025041700478301,6.986431436614531,467.0559970141671,1223.1202193053084,Forecast
2026-03-01,,,6.656849007955403,,-0.16021716921008572,,,,-2.9153215904640093,1.6389831945169226,-0.6381691979735433,,-0.13713458561937722,,-0.29735175482946297,,6.35949725312594,,652.95823799874,,-0.6178441588253968,0.34357498758664234,-0.7780613280354824,0.18335781837655662,5.87878767991992,6.8402068263319595,403.37146362914535,1056.595343668046,Forecast
2026-04-01,,,6.665854510900116,,-0.14405426979064936,,,,-2.9339299624458173,1.6207323333208912,-0.6565988145624632,,-0.1410250995586402,,-0.28507936934928957,,6.380775141550827,,667.0221833360457,,-0.6217724082402946,0.3397222091230142,-0.765826678030944,0.19566793933236484,5.900027832869172,6.861522450232481,412.0522395144225,1079.3806268032004,Forecast
2026-05-01,,,6.674860013844829,,-0.08955182021666332,,,,-2.9236337978286726,1.6318606940964533,-0.6458865518661098,,-0.13876372818717791,,-0.22831554840384122,,6.446544465440988,,712.4345526089937,,-0.619598875667293,0.34207141929293716,-0.7091506958839563,0.25251959907627386,5.965709317960873,6.9273796129211025,440.09292078613805,1152.9266147124938,Forecast
2026-06-01,,,6.683865516789543,,-0.14997118280122543,,,,-2.9286969454731153,1.6278444882794691,-0.650426228596823,,-0.13972205933396942,,-0.2896932421351949,,6.3941722746543475,,676.031983429288,,-0.6206677121453722,0.34122359347743325,-0.7706388949465977,0.19125241067620782,5.913226621842945,6.875117927465751,417.54016618206913,1094.16921820784,Forecast
2026-07-01,,,6.692871019734255,,-0.20406691832258123,,,,-2.9213903467978692,1.6362700496461364,-0.6425601485758665,,-0.13806152050391649,,-0.3421284388264977,,6.350742580907758,,647.2580360876146,,-0.6191252804915451,0.3430022394837122,-0.8231921988141264,0.138935321161131,5.869678820920129,6.831806340895386,399.70482577910883,1047.7482413896105,Forecast
2026-08-01,,,6.701876522678969,,-0.08793175430562446,,,,-2.9105263828857497,1.6482650344887786,-0.6311306741984855,,-0.135648744895205,,-0.22358049920082945,,6.47829602347814,,735.4506764767009,,-0.6168318848133538,0.3455343950229438,-0.7047636391189783,0.25760264071731936,5.997112883559991,6.9594791633962885,454.16460537428276,1190.568044788999,Forecast
2026-09-01,,,6.7108820256236825,,-0.33471384323797376,,,,-2.9286321561622515,1.6312855244277735,-0.6486733158672389,,-0.13935201737591488,,-0.47406586061388867,,6.2368161650097935,,577.4559537597829,,-0.620654035044939,0.3419500002931092,-0.9553678782829127,0.007236157055135417,5.75551414734077,6.718118182678818,356.47319752378723,935.0458147855252,Forecast
2026-10-01,,,6.719887528568395,,0.1943786484854562,,,,-2.919783449210339,1.6412572067926285,-0.6392631212088553,,-0.13736551411292078,,0.05701313437253541,,6.776900662940931,,991.7182652192331,,-0.6187860625033091,0.3440550342774676,-0.424407414017853,0.5384336827629238,6.295480114550542,7.258321211331319,612.4055837391899,1605.5871916139863,Forecast
2026-11-01,,,6.728893031513108,,0.21869960106573258,,,,-2.949811947924122,1.6118350305571578,-0.668988458683482,,-0.14364056814002737,,0.0750590329257052,,6.803952064438813,,1018.9392079571295,,-0.6251251142278768,0.33784397794782206,-0.40642551316214415,0.5565435790135547,6.3224675183509635,7.285436610526663,629.1852087803318,1649.7464368158999,Forecast
2026-12-01,,,6.7378985344578215,,0.5939756652858491,,,,-2.958721193715105,1.6033889635156449,-0.6776661150997301,,-0.14547243171052862,,0.4485032335753205,,7.186401768033142,,1494.099454041281,,-0.6270058665902987,0.33606100316924137,-0.03303020130444956,0.9300366684550905,6.704868333153372,7.667935202912912,922.7251523019112,2418.8998716275523,Forecast
2027-01-01,,,6.746904037402535,,0.17927765309866958,,,,-2.9601362877416726,1.6024097435164464,-0.6788632721126131,,-0.14572515297706373,,0.03355250012160585,,6.780456537524141,,995.2545303984336,,-0.6273045946191301,0.3358542886650027,-0.4480269415204605,0.5151319417636723,6.298877095882075,7.262035979166208,614.4928542581351,1611.566388826253,Forecast
2027-02-01,,,6.755909540347248,,-0.005540502978890987,,,,-2.966097126487678,1.5968650843626082,-0.6846160210625349,,-0.1469395651093382,,-0.1524800680882292,,6.603429472259019,,833.6193163084903,,-0.6285629347543762,0.33468380453569974,-0.6341034377332672,0.32914330155680876,6.121806102613981,7.085052841904057,514.6108646160976,1349.998303098022,Forecast
2027-03-01,,,6.764915043291961,,-0.16021716921008572,,,,0.0,0.0,0.0,,-0.0024163103722917387,,-0.16263347958237745,,6.6022815637095835,,832.6617993358784,,-0.0024163103722917387,-0.0024163103722917387,-0.16263347958237745,-0.16263347958237745,6.6022815637095835,6.6022815637095835,832.6617993358784,832.6617993358784,Forecast
